10 40
0
1 6 11 16 21 26 31 36 0 0 2 7 12 17 22 27 32 37 0 0 3 8 13 18 23 28 33 38 0 0 4 9 14 19 24 29 34 39 0 0 5 10 15 20 25 30 35 40 0 0 0 0 0 0 0 0 0 0 0 0 0 0 0 0 0 0 0 0 0 0 0 0 0 0 0 0 0 0 0 0 0 0 0 0 0 0 0 0 0 0 0 0 0 0 0 0 0 0 0 0 
0
1 6 11 16 21 26 31 36 0 0 2 7 12 17 22 27 32 37 0 0 3 8 13 18 23 28 33 38 0 0 4 9 14 19 24 29 34 39 0 0 5 10 15 20 25 30 35 40 0 0 0 0 0 0 0 0 0 0 0 0 0 0 0 0 0 0 0 0 0 0 0 0 0 0 0 0 0 0 0 0 0 0 0 0 0 0 0 0 0 0 0 0 0 0 0 0 0 0 0 0 
60
0 0 0 11 0 21 26 0 36 0 0 2 7 0 18 0 27 0 37 0 0 0 8 13 0 0 0 34 38 0 0 0 9 14 0 0 29 33 39 0 0 0 10 15 0 23 0 35 40 0 0 5 6 0 0 24 30 32 0 0 0 4 0 0 16 22 0 31 0 0 0 3 0 0 0 0 0 0 0 0 0 0 0 0 0 0 0 0 0 0 0 0 0 0 0 0 0 0 0 0 
120
0 0 0 11 0 21 26 0 36 0 0 2 7 0 18 0 27 0 37 0 0 0 8 13 0 0 0 34 38 0 0 0 9 14 0 0 29 33 39 0 0 0 10 15 0 23 0 35 40 0 0 5 6 0 0 24 30 32 0 0 0 4 0 0 16 22 0 31 0 0 0 3 0 0 0 0 0 0 0 0 0 0 0 0 0 0 0 0 0 0 0 0 0 0 0 0 0 0 0 0 
180
0 0 2 0 12 0 21 26 0 36 0 0 0 7 11 18 0 27 0 37 0 0 0 8 13 0 0 0 34 38 0 0 0 10 14 0 0 0 35 39 0 0 0 0 15 0 25 0 33 40 0 0 1 6 0 19 0 30 32 0 0 0 4 9 0 0 24 0 31 0 0 0 3 0 0 0 23 29 0 0 0 0 0 0 0 0 22 0 0 0 0 0 0 0 0 0 0 0 0 0 
240
0 0 2 0 12 0 21 26 0 36 0 0 0 7 11 18 0 27 0 37 0 0 0 8 13 0 0 0 34 38 0 0 0 10 14 0 0 0 35 39 0 0 0 0 15 0 25 0 33 40 0 0 1 6 0 19 0 30 32 0 0 0 4 9 0 0 24 0 31 0 0 0 3 0 0 0 23 29 0 0 0 0 0 0 0 0 22 0 0 0 0 0 0 0 0 0 0 0 0 0 
300
36 0 0 0 7 12 0 0 26 0 37 0 0 0 0 11 18 21 0 34 38 0 0 0 8 13 0 0 0 35 39 0 0 0 10 0 20 0 0 0 40 0 0 0 0 15 0 25 0 33 0 0 0 1 6 0 19 0 28 32 0 0 0 0 9 0 0 24 30 31 0 0 0 3 0 0 17 23 29 0 0 0 0 4 0 0 16 22 0 0 0 0 0 5 0 0 0 0 0 0 
360
0 36 0 0 7 12 0 0 26 0 0 37 0 0 0 11 18 21 0 34 0 38 0 0 8 13 0 0 0 35 0 39 0 0 10 0 20 0 0 0 0 40 0 0 0 15 0 25 0 33 0 0 0 1 6 0 19 0 28 32 0 0 0 0 9 0 0 24 30 31 0 0 0 3 0 0 17 23 29 0 0 0 0 4 0 0 16 22 0 0 0 0 0 5 0 0 0 0 0 0 
420
0 0 36 0 0 0 11 0 0 26 34 0 37 0 2 0 0 18 0 0 35 0 38 0 0 8 13 0 0 27 0 0 39 0 0 0 14 20 0 0 33 0 40 0 0 0 15 0 25 0 32 0 0 0 1 0 12 19 0 0 31 0 0 0 0 9 0 0 24 30 0 0 0 0 3 0 0 17 23 29 0 0 0 0 4 0 0 16 22 28 0 0 0 0 5 0 0 0 0 0 
480
0 0 0 36 0 0 11 0 0 26 0 34 0 37 2 0 0 18 0 0 0 35 0 38 0 8 13 0 0 27 0 0 0 39 0 0 14 20 0 0 0 33 0 40 0 0 15 0 25 0 0 32 0 0 1 0 12 19 0 0 0 31 0 0 0 9 0 0 24 30 0 0 0 0 3 0 0 17 23 29 0 0 0 0 4 0 0 16 22 28 0 0 0 0 5 0 0 0 0 0 
540
26 0 0 0 36 0 0 11 0 0 0 0 34 0 0 2 7 0 0 21 27 0 35 0 37 0 8 13 0 0 0 0 0 0 38 0 0 14 20 0 0 0 33 0 40 0 6 15 0 25 0 0 32 0 39 0 0 12 0 24 30 0 31 0 0 0 10 0 0 0 29 0 0 0 0 3 9 0 17 0 28 0 0 0 0 4 0 0 0 22 0 0 0 0 0 5 0 0 0 23 
600
0 26 0 0 0 36 0 11 0 0 0 0 0 34 0 2 7 0 0 21 27 0 0 35 0 37 8 13 0 0 0 0 0 0 0 38 0 14 20 0 0 0 0 33 0 40 6 15 0 25 0 0 0 32 0 39 0 12 0 24 0 30 0 31 0 0 10 0 0 0 0 29 0 0 0 3 9 0 17 0 0 28 0 0 0 4 0 0 0 22 0 0 0 0 0 5 0 0 0 23 
660
0 0 26 0 0 0 36 0 0 18 21 0 0 0 34 0 2 7 0 0 0 27 0 0 35 0 0 8 13 0 0 0 0 0 0 0 37 0 14 20 25 0 0 0 33 0 0 6 15 0 24 0 0 0 32 0 1 0 12 19 0 0 30 0 31 0 3 10 0 0 0 0 29 0 0 0 39 9 0 17 22 0 28 0 0 0 38 0 0 0 23 0 0 0 0 0 40 0 0 16 
720
0 0 0 26 0 0 0 36 0 18 0 21 0 0 0 34 2 7 0 0 0 27 0 0 0 35 0 8 13 0 0 0 0 0 0 0 0 37 14 20 0 25 0 0 0 33 0 6 15 0 24 0 0 0 0 32 1 0 12 19 0 0 0 30 0 31 3 10 0 0 0 0 0 29 0 0 39 9 0 17 22 0 0 28 0 0 4 38 0 0 0 23 0 0 0 0 5 40 0 16 
780
18 0 0 0 26 0 0 0 36 0 0 0 21 0 0 0 34 2 7 11 0 0 27 0 0 0 35 0 8 14 20 0 0 0 0 0 0 0 37 13 0 0 25 0 0 0 33 0 0 12 19 24 0 0 0 0 32 1 0 15 0 0 0 0 30 0 31 3 10 0 17 0 0 0 29 0 0 0 9 0 0 22 0 0 28 0 0 39 38 0 16 0 23 0 0 0 5 0 40 0 
840
0 18 0 0 0 26 0 0 0 36 0 0 0 21 0 0 0 2 7 11 0 0 27 0 0 0 0 34 8 14 20 0 0 0 0 0 0 35 0 13 0 0 0 25 0 0 0 33 0 12 0 24 0 0 0 0 0 1 0 15 0 19 0 0 0 30 0 3 0 37 17 0 0 0 0 29 0 31 9 0 0 22 0 0 0 28 0 4 39 38 0 16 0 23 0 0 0 5 0 40 
900
36 0 18 0 0 0 26 0 0 0 11 0 0 0 21 0 0 0 2 0 14 0 0 27 0 0 0 0 0 8 13 20 0 0 0 0 0 0 34 0 12 0 0 0 25 0 0 0 0 7 15 0 24 0 0 0 0 0 33 0 37 0 19 0 0 0 30 0 3 6 0 17 0 0 0 0 29 0 31 9 38 0 22 0 0 0 28 0 32 39 40 0 16 0 23 0 0 5 0 10 
960
0 36 0 18 0 0 0 26 0 0 11 0 0 0 0 21 0 0 2 0 14 0 0 27 0 0 0 0 0 8 0 20 0 0 0 0 0 0 0 34 0 13 0 0 0 25 0 0 0 7 0 15 24 0 0 0 0 0 0 35 0 37 0 19 0 0 0 30 3 6 0 17 0 0 0 0 0 29 31 9 39 12 22 0 0 0 0 28 0 33 0 40 0 16 0 23 0 0 4 10 
1020
0 0 36 0 18 0 0 0 26 0 0 11 0 0 0 0 21 0 0 2 8 14 0 0 27 0 0 0 0 0 34 0 20 0 0 0 0 0 0 0 7 0 13 0 0 0 25 0 0 0 35 0 15 24 0 0 0 0 0 0 6 0 37 0 19 0 0 0 0 1 32 0 17 0 0 0 0 0 0 3 33 38 0 22 0 0 0 0 29 0 9 39 12 0 16 0 23 0 4 0 
1080
0 0 0 36 0 18 0 0 0 26 0 11 0 0 0 0 0 21 0 2 0 14 0 0 27 0 0 0 0 0 0 8 20 0 0 0 0 0 0 0 0 34 0 13 0 0 0 25 0 0 0 35 0 24 0 0 0 0 0 0 0 6 0 15 0 19 0 0 0 1 0 7 0 37 0 0 0 0 0 30 31 33 40 22 0 0 0 0 28 0 10 0 39 12 0 16 0 0 5 4 
1140
26 0 0 0 36 0 18 0 0 0 2 0 11 0 0 0 0 0 21 0 0 0 14 0 0 27 0 0 0 0 0 0 0 20 0 0 0 0 0 0 0 0 34 0 13 0 0 0 25 0 0 0 35 0 24 0 0 0 0 0 1 0 6 0 15 0 19 0 0 0 0 0 38 17 37 0 0 0 0 0 3 0 9 40 22 0 0 0 0 0 0 0 7 39 12 0 16 0 5 4 
1200
26 0 0 0 0 36 0 18 0 0 0 2 11 0 0 0 0 0 0 21 0 0 14 0 0 27 0 0 0 0 0 0 0 20 0 0 0 0 0 0 0 0 0 34 0 13 0 0 0 25 0 0 0 35 24 0 0 0 0 0 0 1 0 6 0 15 0 19 0 0 0 0 38 17 0 37 0 0 0 0 28 0 31 40 22 0 0 0 0 0 4 0 10 9 39 12 0 0 23 0 
1260
0 26 0 0 0 0 36 0 18 0 21 0 2 11 0 0 0 0 0 0 0 0 0 14 0 0 27 0 0 0 0 0 0 0 20 0 0 0 0 0 25 0 0 0 34 0 13 0 0 0 0 0 0 0 35 24 0 0 0 0 0 0 1 0 6 0 15 0 19 0 0 0 29 8 17 0 37 0 0 0 0 28 0 31 0 39 0 0 16 0 0 0 32 38 0 22 12 0 0 23 
1320
0 26 0 0 0 0 0 36 0 18 0 21 0 11 0 0 0 0 0 0 0 0 0 14 0 0 27 0 0 0 0 0 0 2 20 0 0 0 0 0 25 0 0 0 0 34 0 13 0 0 0 0 0 0 0 24 0 0 0 0 0 0 0 1 0 6 0 15 0 19 0 0 0 3 0 40 0 37 0 0 5 0 28 0 0 35 39 0 0 16 23 0 4 33 7 22 0 12 0 0 
1380
18 0 26 0 0 0 0 0 36 0 0 0 21 0 11 0 0 0 0 0 0 0 0 0 14 0 0 27 0 0 0 0 0 0 0 20 0 0 0 0 0 25 0 0 2 0 34 0 13 0 0 0 0 0 0 0 24 0 0 0 19 0 0 0 1 0 6 0 15 0 16 0 30 0 3 17 35 0 37 0 0 5 0 32 0 8 0 39 0 0 0 23 0 4 33 7 40 0 12 0 
1440
18 0 26 0 0 0 0 0 0 36 0 0 0 21 11 0 0 0 0 0 0 0 0 0 14 0 0 27 0 0 0 0 0 0 0 20 0 0 0 0 0 25 0 0 0 2 0 34 0 13 0 0 0 0 0 0 24 0 0 0 0 19 0 0 0 1 0 6 0 15 16 0 30 0 0 17 0 35 0 37 0 0 0 28 0 33 8 0 39 0 0 0 23 0 0 3 22 40 0 12 
1500
36 18 0 26 0 0 0 0 0 0 0 0 0 0 0 11 0 0 0 0 0 0 0 0 0 14 0 0 27 0 0 0 0 0 21 0 20 0 0 0 13 0 25 0 0 0 2 0 34 0 0 0 0 0 0 0 0 24 0 0 15 0 19 0 0 0 1 0 6 0 0 16 0 30 0 29 17 0 35 0 37 0 0 5 0 31 33 8 0 0 12 0 0 0 4 3 22 0 40 0 
1560
36 18 0 26 0 0 0 0 0 0 0 0 0 0 0 11 0 0 0 0 0 0 0 0 0 14 0 0 27 0 0 0 0 0 0 21 20 0 0 0 13 0 25 0 0 0 0 2 0 34 0 0 0 0 0 0 0 24 0 0 15 0 0 19 0 0 0 1 0 6 39 16 0 30 0 29 17 0 0 0 0 37 0 0 0 0 31 33 8 0 12 0 0 0 23 10 3 22 0 40 
1620
0 36 18 0 26 0 0 0 0 0 0 0 0 0 0 0 11 0 0 0 0 0 0 0 0 0 14 0 0 27 0 0 0 0 0 0 21 20 0 0 34 13 0 25 0 0 0 0 2 0 0 0 0 0 0 0 0 0 24 0 0 15 0 0 19 0 0 0 1 0 39 0 16 0 30 28 29 0 33 0 6 0 37 0 0 32 7 31 0 8 40 12 0 0 0 4 3 22 0 0 
1680
0 36 18 0 26 0 0 0 0 0 0 0 0 0 0 0 11 0 0 0 0 0 0 0 0 0 14 0 0 27 0 0 0 0 0 0 0 20 0 0 0 13 0 25 0 0 0 21 0 2 0 34 0 0 0 0 0 0 24 0 0 15 0 0 0 19 28 0 0 1 0 39 16 0 30 0 0 7 0 0 35 6 0 37 0 0 38 29 31 0 40 12 0 0 0 23 10 3 22 0 
1740
0 0 36 18 0 26 0 0 0 0 0 0 0 0 0 0 0 11 0 0 27 0 0 0 0 0 0 14 0 0 0 0 0 0 0 0 0 0 20 0 2 0 13 0 25 0 0 0 21 0 0 0 34 0 0 0 0 0 0 24 1 0 15 0 0 0 19 28 0 0 8 39 0 16 0 30 0 0 7 0 33 0 6 0 37 0 4 5 29 0 0 35 12 0 0 0 10 3 22 0 
1800
0 0 36 18 0 26 0 0 0 0 0 0 0 0 0 0 0 11 0 0 27 0 0 0 0 0 0 14 0 0 0 0 0 0 0 0 0 0 20 0 0 2 13 0 25 0 0 0 0 21 0 0 0 34 0 0 0 19 0 24 0 1 15 0 0 0 0 0 28 0 8 0 39 16 0 30 0 0 17 7 31 40 0 6 0 0 0 4 5 29 0 35 12 0 0 0 32 10 3 22 
1860
0 0 0 36 18 0 26 0 0 0 0 0 0 0 0 0 0 0 11 0 0 27 0 0 0 0 0 0 14 0 0 0 0 0 0 0 0 0 0 20 21 0 2 13 0 25 0 0 0 0 24 0 0 0 34 0 0 0 19 0 0 0 0 15 0 0 0 0 0 28 7 8 39 0 16 0 0 9 17 0 29 33 1 0 6 0 37 0 4 0 0 0 35 12 0 0 32 10 3 22 
1920
0 0 0 36 18 0 26 0 0 0 0 0 0 0 0 0 0 0 11 0 0 27 0 0 0 0 0 0 14 0 0 0 0 0 0 0 0 0 0 20 0 21 0 13 0 25 0 0 0 0 0 24 0 2 0 34 0 0 0 19 28 0 0 15 0 0 0 0 38 0 0 7 33 39 16 0 0 0 9 17 5 0 40 1 0 6 0 37 10 0 22 31 35 12 0 0 23 32 0 3 
1980
0 0 0 0 36 18 0 26 0 0 0 0 0 0 0 0 0 0 0 11 0 0 27 0 0 0 0 0 0 14 20 0 0 0 0 0 0 0 0 0 0 0 21 0 13 0 25 0 0 0 19 0 24 0 2 0 34 0 0 0 0 28 0 0 15 0 0 0 38 0 0 0 7 39 0 16 0 30 0 17 0 5 8 33 1 0 6 0 0 10 22 31 0 35 12 0 0 23 37 3 
2040
0 0 0 0 36 18 0 26 0 0 0 0 0 0 0 0 0 0 0 11 0 0 27 0 0 0 0 0 0 14 0 20 0 0 0 0 0 0 0 0 0 0 0 21 13 0 25 0 0 0 0 19 0 24 0 2 0 34 0 0 0 0 28 0 15 0 0 0 0 38 17 0 0 0 33 16 0 30 0 0 10 0 0 0 39 1 0 6 0 37 3 22 5 35 12 0 0 0 32 0 
2100
0 0 0 0 0 0 18 0 26 0 0 0 0 0 0 36 0 0 0 0 14 0 0 27 0 0 0 0 0 0 0 0 20 0 0 0 0 0 0 0 0 0 0 0 0 13 0 25 0 0 0 0 19 0 24 0 2 0 34 0 0 0 0 28 0 15 0 0 0 38 37 17 0 0 21 33 16 0 30 0 9 0 0 5 39 0 1 0 0 23 3 0 0 8 7 12 0 0 32 0 
2160
0 0 0 0 0 0 18 0 26 0 0 0 0 0 0 36 0 0 0 0 0 14 0 27 0 0 0 0 0 0 0 0 0 20 0 0 0 0 0 0 0 0 0 0 0 13 0 25 0 0 0 0 0 19 0 24 0 2 0 34 38 0 0 0 28 15 0 0 0 0 0 37 17 0 0 0 16 0 30 0 23 9 0 0 40 21 0 1 0 6 0 3 22 0 35 39 33 0 0 32 
2220
0 0 0 0 0 0 0 18 0 26 0 0 0 0 0 0 36 0 0 0 0 0 14 0 27 0 0 0 0 0 0 0 0 0 20 0 0 0 0 0 0 0 0 0 0 0 13 0 25 0 34 0 0 0 19 0 24 0 2 0 0 38 37 0 0 28 15 0 0 0 6 0 0 17 0 5 0 16 0 30 0 0 9 29 0 40 21 0 1 0 0 3 0 31 35 0 12 33 0 32 
2280
0 0 0 0 0 0 0 18 0 26 0 0 0 0 0 0 36 0 0 0 0 0 0 14 27 0 0 0 0 0 0 0 0 0 0 20 0 0 0 0 0 0 0 0 0 0 13 0 25 0 0 34 38 0 0 19 0 24 0 2 0 0 0 37 0 28 15 0 0 0 0 0 10 0 17 0 5 16 0 30 0 0 0 0 8 0 40 21 0 1 32 0 0 9 0 7 12 0 33 0 
2340
26 0 0 0 0 0 0 0 18 0 0 0 0 0 0 0 0 36 0 0 0 0 0 0 14 27 0 0 0 0 0 0 0 0 0 0 20 0 0 0 0 0 0 0 0 0 0 13 0 25 2 0 34 38 0 0 19 0 24 0 0 0 0 0 37 0 0 15 0 0 30 0 6 10 0 17 0 5 16 0 1 0 0 4 29 0 0 40 21 0 0 32 0 0 9 0 7 12 0 33 
2400
0 26 0 0 0 0 0 0 18 0 0 0 0 0 0 0 0 36 0 0 0 0 0 0 0 27 0 0 0 0 0 0 0 0 0 14 0 20 0 0 0 0 0 34 0 0 0 13 0 25 0 2 0 0 38 0 0 19 0 24 0 0 0 6 0 37 0 15 0 0 30 0 0 0 10 0 0 0 16 0 0 1 0 23 3 0 35 0 40 21 33 0 0 0 0 9 7 0 5 0 
2460
0 0 26 0 0 0 0 0 0 18 0 0 0 0 0 0 0 0 36 0 0 0 0 0 0 0 27 0 0 0 0 0 0 0 0 0 14 0 20 0 25 0 0 0 34 0 0 0 13 0 24 0 2 0 0 38 0 0 19 0 0 0 0 0 6 0 37 0 15 0 0 30 0 0 0 10 0 17 0 16 21 0 1 0 4 3 0 0 28 40 0 33 0 0 23 29 9 0 12 5 
2520
0 0 0 26 0 0 0 0 0 18 0 0 0 0 0 0 0 0 36 0 0 0 0 0 0 0 27 0 0 0 0 0 0 0 0 0 0 14 0 20 0 25 0 0 0 34 0 0 13 0 24 0 0 2 0 0 38 0 0 19 0 0 0 0 0 6 0 37 15 0 0 30 0 0 0 0 10 0 17 16 21 0 0 1 4 0 3 35 0 28 40 0 33 0 23 0 8 9 12 0 
2580
18 0 0 0 26 0 0 0 0 0 0 0 0 0 0 0 0 0 0 36 0 0 0 0 0 0 0 27 0 0 20 0 0 0 0 0 0 0 14 0 0 0 25 0 0 0 34 0 0 13 0 24 0 0 2 0 0 38 0 0 19 0 0 0 0 0 6 0 37 15 16 0 30 0 0 0 0 10 0 17 28 21 0 0 1 4 0 0 35 0 5 40 0 0 32 31 8 0 39 12 
2640
18 0 0 0 0 26 0 0 0 0 0 0 0 0 0 0 0 0 0 36 0 0 0 0 0 0 0 27 0 0 0 20 0 0 0 0 0 0 0 14 0 0 0 25 0 0 0 34 0 13 0 24 0 0 0 2 0 0 38 0 17 19 0 0 0 0 0 6 0 37 0 16 30 0 0 0 0 0 10 0 0 21 0 0 0 4 0 0 3 35 0 28 40 0 0 1 29 8 39 12 
2700
0 18 0 0 0 0 26 0 0 0 36 0 0 0 0 0 0 0 0 0 0 0 0 0 0 0 0 0 27 0 14 0 20 0 0 0 0 0 0 0 13 0 0 0 25 0 0 0 34 0 0 0 24 0 0 0 2 0 0 38 15 17 19 0 0 0 0 0 6 0 37 0 0 30 0 0 0 0 0 0 35 0 16 0 0 0 31 0 0 0 0 5 21 40 0 32 29 0 9 10 
2760
0 18 0 0 0 0 0 26 0 0 0 36 0 0 0 0 0 0 0 0 0 0 0 0 0 0 0 0 27 0 14 0 0 20 0 0 0 0 0 0 0 13 0 0 0 25 0 0 0 34 38 15 24 0 0 0 0 2 0 0 0 0 17 19 0 0 0 0 0 6 37 0 0 30 0 0 4 0 0 0 3 35 0 16 0 22 31 0 8 0 7 5 21 0 0 0 32 29 0 39 
2820
0 0 18 0 0 0 0 0 26 0 0 0 36 0 0 0 0 0 0 0 0 0 0 0 0 0 0 0 0 27 0 14 0 0 20 0 0 0 0 0 34 0 13 0 0 0 25 0 0 0 0 38 15 24 0 0 0 0 2 0 6 0 0 17 19 0 0 0 0 0 0 37 0 0 30 0 4 0 0 0 3 0 35 0 16 0 33 31 8 0 10 12 5 21 0 40 32 29 0 9 
2880
0 0 18 0 0 0 0 0 0 26 0 0 0 36 0 0 0 0 0 0 0 0 0 0 0 0 0 0 0 27 0 14 0 0 0 20 0 0 0 0 34 0 38 13 0 0 0 25 0 0 0 0 0 15 17 0 0 0 0 2 6 0 0 0 0 19 0 0 0 0 0 37 0 0 30 0 22 4 0 0 0 7 0 35 0 0 33 31 0 8 39 12 5 21 0 0 0 1 29 0 
2940
26 0 0 18 0 0 0 0 0 0 0 0 0 0 36 0 0 0 0 0 27 0 0 0 0 0 0 0 0 0 0 0 14 0 0 0 20 0 0 0 0 34 0 0 15 0 0 0 25 0 2 0 0 0 13 17 0 0 0 0 0 6 0 0 24 0 19 0 0 0 0 0 37 0 0 30 22 4 0 0 0 10 7 0 35 0 16 33 31 8 0 3 12 5 21 0 40 1 29 0 
3000
0 26 0 18 0 0 0 0 0 0 0 0 0 0 0 36 0 0 0 0 0 27 0 0 0 0 0 0 0 0 0 0 14 0 38 0 0 20 0 0 0 34 0 0 0 15 0 0 0 25 0 2 0 0 0 13 17 0 0 0 0 6 0 0 24 0 0 19 0 0 0 0 37 0 0 30 0 22 4 0 8 0 28 7 0 35 0 40 31 0 0 9 12 5 21 0 0 16 33 29 
3060
0 0 26 0 18 0 0 0 0 0 0 0 0 0 0 0 36 0 0 0 0 0 27 0 0 0 0 0 0 0 0 0 0 14 0 38 0 0 20 0 25 0 34 0 0 0 15 0 0 0 0 0 2 0 0 0 13 17 0 0 0 0 6 0 0 24 0 0 19 0 0 0 0 37 0 0 30 22 4 0 0 0 9 28 7 0 35 0 16 31 0 0 39 12 0 21 0 32 33 29 
3120
0 0 0 26 18 0 0 0 0 0 0 0 0 0 0 0 0 36 0 0 0 0 0 27 0 0 0 0 0 0 0 0 0 14 0 0 38 0 0 20 0 25 34 0 0 0 0 15 0 0 0 0 0 2 0 0 0 13 17 0 0 0 6 0 0 24 0 0 22 19 0 0 8 37 0 0 30 0 0 4 0 0 0 9 28 7 0 35 40 31 29 0 3 39 12 21 0 23 32 16 
3180
0 0 0 0 26 18 0 0 0 0 0 0 0 0 0 0 0 0 36 0 0 0 0 0 27 0 0 0 0 0 20 0 0 0 14 0 0 38 0 0 0 0 25 34 0 0 0 0 15 0 0 0 0 0 2 0 0 0 13 17 19 0 0 6 0 0 24 0 22 0 0 0 0 8 37 28 0 0 35 4 31 0 0 0 9 0 7 0 0 40 16 29 0 10 39 5 21 0 23 33 
3240
0 0 0 0 0 18 0 0 0 0 0 0 0 0 0 26 0 0 0 36 0 0 0 0 0 27 0 0 0 0 20 0 0 0 14 0 0 0 38 0 0 0 0 34 0 0 0 0 0 13 17 0 0 25 0 2 0 0 0 0 19 0 0 6 0 0 24 0 0 22 40 0 0 0 37 0 28 0 0 0 4 31 0 0 8 9 0 7 0 0 16 0 29 10 39 5 21 0 23 33 
3300
0 0 0 0 0 0 18 0 0 0 36 0 0 0 0 0 26 0 0 0 0 0 0 0 0 0 27 0 0 0 0 20 0 0 0 14 0 0 0 38 13 0 0 0 34 0 0 0 0 0 0 17 0 0 25 0 2 0 0 0 0 19 0 0 6 0 0 24 0 22 35 4 0 0 0 8 0 0 30 0 15 0 31 0 0 37 9 0 7 0 33 16 0 29 0 39 5 21 0 23 
3360
0 0 0 0 0 0 18 0 0 0 36 0 0 0 0 0 0 26 0 0 0 0 0 0 0 0 0 27 0 0 38 20 0 0 0 14 0 0 0 0 0 13 0 0 34 0 0 0 0 0 0 0 17 0 0 25 0 2 0 0 22 19 0 0 6 0 0 24 0 0 0 0 4 0 0 0 8 0 30 0 1 40 0 31 0 37 0 9 28 0 33 16 0 0 29 39 5 21 0 23 
3420
0 0 0 0 0 0 0 18 0 0 0 36 0 0 0 0 0 0 26 0 0 0 0 0 0 0 0 0 27 0 38 0 20 0 0 0 14 0 0 0 0 0 13 0 0 34 0 0 0 0 0 0 0 17 0 0 25 0 2 0 0 22 19 0 0 6 0 0 24 0 0 35 0 4 0 10 0 8 0 30 7 40 0 0 31 12 0 5 9 0 32 15 16 0 0 29 39 0 21 0 
3480
0 0 0 0 0 0 0 18 0 0 0 36 0 0 0 0 0 0 0 26 0 0 0 0 0 0 0 0 0 27 0 38 20 0 0 0 14 0 0 0 0 0 0 13 0 34 0 0 0 0 0 0 0 0 17 0 0 25 0 2 0 0 19 0 0 6 0 0 24 0 0 1 22 0 4 10 0 0 8 30 23 0 40 0 0 31 12 5 0 9 32 15 16 0 0 0 29 39 21 0 
3540
0 0 0 0 0 0 0 0 18 0 26 0 36 0 0 0 0 0 0 0 27 0 0 0 0 0 0 0 0 0 0 38 0 20 0 0 0 14 0 0 0 0 0 0 13 0 34 0 0 0 2 0 0 0 0 17 0 0 25 0 0 0 35 19 0 0 6 0 0 24 30 0 0 22 0 4 10 0 0 8 28 7 40 0 0 3 31 37 5 0 9 32 0 16 0 0 0 29 39 0 
3600
0 0 0 0 0 0 0 0 18 0 26 0 36 0 0 0 0 0 0 0 0 27 0 0 0 0 0 0 0 0 0 0 38 20 0 0 0 14 0 0 0 0 0 0 0 13 34 0 0 0 0 2 0 0 0 0 17 0 0 25 8 0 35 19 0 0 6 0 0 0 0 30 1 0 22 0 10 0 0 0 28 7 0 40 0 3 0 37 5 0 0 9 32 16 0 0 0 12 29 39 
3660
0 0 0 0 0 0 0 0 0 18 0 26 0 36 0 0 0 0 0 0 0 0 27 0 0 0 0 0 0 0 0 0 38 0 20 0 0 0 14 0 0 0 0 0 0 0 13 34 0 0 25 0 2 0 0 0 0 17 0 0 8 0 0 35 19 0 0 6 0 0 24 30 1 0 0 22 0 10 37 0 0 23 9 40 0 0 0 4 0 5 39 0 0 15 16 0 0 31 12 0 
3720
0 0 0 0 0 0 0 0 0 18 0 26 0 36 0 0 0 0 0 0 0 0 0 27 0 0 0 0 0 0 0 0 0 38 20 0 0 0 14 0 0 0 0 0 0 0 0 34 0 0 25 0 0 2 0 0 0 0 17 0 0 8 0 35 19 0 0 6 0 0 0 24 0 1 0 0 22 10 37 0 0 0 0 9 40 0 0 13 4 5 29 21 7 15 16 0 0 0 31 0 
3780
18 0 0 0 0 0 0 0 0 0 0 0 26 0 36 0 0 0 0 0 0 0 0 0 27 0 0 0 0 0 0 0 0 38 0 20 0 0 0 14 0 0 0 0 0 0 0 0 34 0 0 25 0 0 2 0 0 0 0 17 0 8 0 0 35 19 0 0 6 0 0 0 24 1 0 0 0 22 10 37 5 29 23 9 40 0 0 0 13 0 0 39 21 33 15 16 0 3 0 31 
3840
0 18 0 0 0 0 0 0 0 0 0 0 26 0 36 0 0 0 0 0 0 0 0 0 0 27 0 0 0 0 0 0 0 0 38 20 0 0 0 14 0 0 0 0 0 0 0 0 34 0 17 25 0 0 0 2 0 0 0 0 0 0 8 0 35 19 0 0 6 0 0 5 0 30 1 0 0 0 10 37 0 29 23 0 9 40 0 0 22 13 31 39 21 33 15 16 0 3 0 0 
3900
0 0 18 0 0 0 0 0 0 0 0 0 0 26 0 36 0 0 0 0 0 0 0 0 0 0 27 0 0 0 14 0 0 0 38 0 20 0 0 0 0 0 0 0 0 0 0 0 0 34 0 17 25 0 0 35 2 0 0 0 0 0 8 0 0 0 19 0 0 6 37 0 5 0 1 0 0 0 0 10 13 0 39 0 30 40 0 0 0 0 4 0 29 21 33 9 16 0 3 0 
3960
0 0 0 18 0 0 0 0 0 0 0 0 0 26 0 36 0 0 0 0 0 0 0 0 0 0 0 27 0 0 0 14 0 0 0 38 20 0 0 0 0 0 0 0 0 0 0 0 0 34 0 0 25 0 0 35 0 2 0 0 0 0 17 8 0 0 19 0 0 6 0 37 0 5 24 1 0 0 0 10 0 13 0 0 21 30 40 0 0 0 22 0 0 29 33 9 16 0 3 0 
4020
0 0 0 0 18 0 0 0 0 0 0 0 0 0 26 0 36 0 0 0 0 0 0 0 0 0 0 0 27 0 0 0 14 0 0 38 0 20 0 0 34 0 0 0 0 0 0 0 0 0 0 0 0 25 0 0 35 0 2 0 6 0 0 8 0 0 0 19 0 0 10 0 37 5 24 1 0 0 0 0 0 0 13 17 21 30 40 0 0 0 0 4 0 32 29 33 9 16 0 3 
4080
0 0 0 0 0 18 0 0 0 0 0 0 0 0 26 0 36 0 0 0 0 0 0 0 0 0 0 0 0 27 0 0 0 14 0 0 38 20 0 0 34 0 0 0 0 0 0 0 0 0 0 0 0 25 0 0 35 0 0 2 0 6 0 37 8 0 0 19 0 0 0 10 0 0 7 24 1 0 0 0 0 0 0 39 5 21 30 40 0 0 0 0 31 32 29 33 9 16 0 3 
4140
0 0 0 0 0 0 18 0 0 0 0 0 0 0 0 26 0 36 0 0 27 0 0 0 0 0 0 0 0 0 0 0 0 0 14 0 38 0 20 0 0 34 0 0 0 0 0 0 0 0 2 0 0 0 25 0 0 35 0 0 0 0 6 37 8 0 0 0 19 0 0 0 10 0 7 24 1 0 0 0 0 0 4 0 32 0 30 40 0 0 0 22 0 0 13 5 21 9 16 0 
4200
0 0 0 0 0 0 0 18 0 0 0 0 0 0 0 26 0 36 0 0 0 27 0 0 0 0 0 0 0 0 0 0 0 0 0 14 0 38 20 0 0 34 0 0 0 0 0 0 0 0 2 0 0 6 25 0 0 35 0 0 0 0 0 0 37 8 0 0 19 0 0 0 0 10 0 7 24 1 0 0 0 0 4 0 39 0 0 30 40 0 0 22 0 28 0 13 21 9 16 0 
4260
0 0 0 0 0 0 0 0 18 0 0 0 0 0 0 0 26 0 36 0 0 0 27 0 0 0 0 0 0 0 0 0 0 0 0 0 14 38 0 20 0 0 34 0 0 0 0 0 0 0 0 2 0 0 6 25 0 0 35 0 0 0 0 0 37 8 0 0 0 19 0 0 0 0 10 7 24 1 0 0 0 0 0 31 0 17 0 33 40 0 0 0 22 0 28 0 29 0 9 16 
4320
0 0 0 0 0 0 0 0 0 18 0 0 0 0 0 0 26 0 36 0 0 0 0 27 0 0 0 0 0 0 0 0 0 0 0 0 0 14 38 20 0 0 34 0 0 0 0 0 0 0 0 2 0 0 0 25 0 0 35 0 0 0 0 0 0 37 8 0 0 19 0 0 0 0 0 0 7 24 1 0 0 0 0 0 23 39 15 0 5 40 0 0 22 0 0 28 0 21 9 16 
4380
18 0 0 0 0 0 0 0 0 0 0 0 0 0 0 0 0 26 0 36 0 0 0 0 27 0 0 0 0 0 20 0 0 0 0 0 0 0 38 0 0 0 0 34 0 0 0 0 14 0 0 0 2 0 0 0 25 0 0 35 19 0 0 0 0 37 8 0 0 0 0 0 0 0 0 0 7 0 1 0 0 0 0 0 23 0 17 0 5 40 16 0 0 22 0 0 6 0 24 9 
4440
18 0 0 0 0 0 0 0 0 0 0 0 0 0 0 0 0 26 0 36 0 0 0 0 0 27 0 0 0 0 0 20 0 0 0 0 0 0 0 38 0 0 0 34 0 0 0 0 0 14 0 0 2 0 0 0 25 0 0 35 0 19 0 0 0 0 37 8 0 0 0 0 0 0 0 0 0 0 13 1 30 0 0 0 0 0 0 0 0 5 40 16 0 0 4 0 39 0 29 33 
4500
0 18 0 0 0 0 0 0 0 0 36 0 0 0 0 0 0 0 26 0 0 0 0 0 0 0 27 0 0 0 0 0 20 0 0 0 0 0 0 38 14 0 0 0 34 0 0 0 0 0 35 0 0 2 0 0 0 25 0 0 0 0 19 0 0 0 0 8 0 0 5 0 0 0 0 0 0 37 0 13 0 30 0 0 0 0 0 17 0 0 33 40 16 0 22 0 28 10 0 24 
4560
0 18 0 0 0 0 0 0 0 0 0 36 0 0 0 0 0 0 26 0 0 0 0 0 0 0 0 27 0 0 38 0 0 20 0 0 0 0 0 0 0 14 0 0 34 0 0 0 0 0 0 35 0 2 0 0 0 25 0 0 13 0 0 19 0 0 0 0 8 0 0 5 0 0 0 0 0 0 37 0 21 33 30 0 0 0 12 0 0 0 9 0 40 16 0 0 23 39 0 0 
4620
0 0 18 0 0 0 0 0 0 0 0 0 36 0 0 0 0 0 0 26 0 0 0 0 0 0 0 0 27 0 0 38 0 0 20 0 0 0 0 0 0 0 14 0 0 34 0 0 0 0 0 0 35 0 2 0 0 0 25 0 0 13 0 0 19 0 0 0 8 0 6 0 0 30 0 0 0 0 0 37 24 0 0 40 0 0 0 12 0 0 32 9 0 0 0 22 23 39 0 0 
4680
0 0 18 0 0 0 0 0 0 0 0 0 0 36 0 0 0 0 0 26 0 0 0 0 0 0 0 0 0 27 0 0 38 0 0 20 0 0 0 0 0 0 0 14 0 34 0 0 0 0 0 0 0 35 2 0 0 0 25 0 0 0 13 0 0 19 0 0 0 8 6 0 21 5 30 0 0 0 0 37 10 24 0 0 40 0 31 0 12 0 17 32 9 33 0 0 4 23 0 7 
4740
0 0 0 18 0 0 0 0 0 0 26 0 0 0 36 0 0 0 0 0 27 0 0 0 0 0 0 0 0 0 0 0 0 38 0 0 20 0 0 0 0 0 0 0 14 0 34 0 0 0 0 0 0 0 0 2 0 0 0 25 0 0 0 13 5 0 19 0 0 8 0 29 0 0 35 30 0 0 0 0 0 6 24 9 0 40 31 0 0 12 0 1 32 0 33 0 4 23 0 7 
4800
0 0 0 18 0 0 0 0 0 0 0 26 0 0 0 36 0 0 0 0 0 27 0 0 0 0 0 0 0 0 0 0 0 0 38 0 0 20 0 0 0 0 0 0 0 14 34 0 0 0 0 0 0 0 0 2 0 0 0 25 8 0 0 0 0 35 0 19 0 0 0 0 29 0 0 5 30 0 0 0 15 6 0 24 9 0 40 31 0 0 7 1 0 32 0 33 16 4 0 0 
4860
0 0 0 0 18 0 0 0 0 0 0 0 26 0 0 0 36 0 0 0 0 0 27 0 0 0 0 0 0 0 0 0 0 0 0 38 0 0 20 0 0 0 0 0 0 0 0 34 0 0 25 0 0 0 0 0 14 0 0 0 0 8 0 0 0 0 2 0 19 0 0 0 0 29 0 21 35 30 0 0 12 10 6 0 24 9 40 31 0 0 0 7 1 0 32 33 16 0 28 0 
4920
0 0 0 0 18 0 0 0 0 0 0 0 0 26 0 0 0 36 0 0 0 0 0 27 0 0 0 0 0 0 0 0 0 0 0 0 38 0 0 20 0 0 0 0 0 0 0 34 0 0 0 25 0 0 0 0 0 14 0 0 0 0 8 0 0 0 13 35 0 19 0 37 0 0 29 0 5 0 30 0 0 10 6 0 0 32 9 0 31 0 39 7 1 0 0 24 33 0 4 23 
4980
0 0 0 0 0 18 0 0 0 0 0 0 0 0 26 0 0 0 36 0 0 0 0 0 27 0 0 0 0 0 20 0 0 0 0 0 0 38 0 0 0 0 0 0 0 0 0 0 34 0 0 0 25 0 0 0 0 0 14 0 19 0 0 8 0 0 0 13 35 0 0 0 37 0 0 0 21 2 0 30 0 15 10 6 0 0 32 9 31 0 0 39 7 1 0 0 22 16 4 23 
5040
0 0 0 0 0 18 0 0 0 0 0 0 0 0 0 26 0 0 0 36 0 0 0 0 0 27 0 0 0 0 20 0 0 0 0 0 0 0 38 0 0 0 0 0 0 0 0 0 34 0 0 0 0 25 0 0 0 0 0 14 19 0 0 0 8 0 0 0 13 35 30 12 0 37 0 0 29 2 0 0 0 15 10 6 0 0 0 32 0 4 23 39 7 1 0 0 0 21 0 31 
5100
0 0 0 0 0 0 18 0 0 0 36 0 0 0 0 0 26 0 0 0 0 0 0 0 0 0 27 0 0 0 0 20 0 0 0 0 0 0 0 38 0 0 0 0 0 0 0 0 0 34 14 0 0 0 25 0 0 0 0 0 0 19 0 0 0 8 0 0 0 13 0 0 15 0 37 0 0 29 2 0 0 23 0 0 6 0 0 5 32 9 28 0 0 10 1 0 0 22 21 0 
5160
0 0 0 0 0 0 18 0 0 0 36 0 0 0 0 0 0 26 0 0 0 0 0 0 0 0 0 27 0 0 38 20 0 0 0 0 0 0 0 0 0 0 0 0 0 0 0 0 0 34 0 14 0 0 0 25 0 0 0 0 13 0 30 0 0 0 8 0 0 0 0 0 0 15 0 37 0 0 29 32 31 0 23 12 6 0 0 0 16 0 9 28 0 10 1 0 0 0 33 21 
5220
0 0 0 0 0 0 0 18 0 0 0 36 0 0 0 0 0 0 26 0 0 0 0 0 0 0 0 0 27 0 38 0 20 0 0 0 0 0 0 0 34 0 0 0 0 0 0 0 0 0 0 0 14 0 0 0 25 0 0 0 0 0 0 30 0 0 0 8 0 29 32 0 19 0 15 0 37 0 0 0 0 35 0 23 12 6 0 0 0 33 0 31 0 39 7 1 0 0 22 21 
5280
0 0 0 0 0 0 0 18 0 0 0 36 0 0 0 0 0 0 0 26 0 0 0 0 0 0 0 0 0 27 0 38 20 0 0 0 0 0 0 0 0 34 0 0 0 0 0 0 0 0 0 0 0 14 0 0 0 25 0 0 29 0 13 0 30 0 0 0 8 0 0 32 19 0 0 15 0 37 0 0 33 35 0 23 12 6 0 0 0 16 0 9 31 39 7 1 0 0 0 24 
5340
0 0 0 0 0 0 0 0 18 0 26 0 36 0 0 0 0 0 0 0 27 0 0 0 0 0 0 0 0 0 0 38 0 20 0 0 0 0 0 0 0 0 34 0 0 0 0 0 0 0 0 0 0 0 14 0 0 0 25 0 0 29 0 13 0 30 0 0 0 8 0 0 0 19 0 0 15 0 37 0 2 0 32 0 39 12 6 0 0 0 5 0 35 0 23 7 1 0 0 22 
5400
0 0 0 0 0 0 0 0 18 0 26 0 36 0 0 0 0 0 0 0 0 27 0 0 0 0 0 0 0 0 0 0 38 20 0 0 0 0 0 0 0 0 0 34 0 0 0 0 0 0 0 0 0 0 0 14 0 0 0 25 8 0 29 0 13 0 30 0 0 0 0 0 0 19 0 0 0 15 0 37 16 0 33 32 39 12 6 0 0 0 21 40 9 28 23 7 1 0 0 0 
5460
0 0 0 0 0 0 0 0 0 18 0 26 0 36 0 0 0 0 0 0 0 0 27 0 0 0 0 0 0 0 0 0 38 0 20 0 0 0 0 0 0 0 0 0 34 0 0 0 0 0 25 0 0 0 0 0 14 0 0 0 0 8 0 29 0 13 0 30 0 0 37 0 4 0 0 39 0 0 15 0 22 2 0 33 0 0 7 6 0 0 21 40 0 0 17 0 12 1 0 0 
5520
0 0 0 0 0 0 0 0 0 18 0 26 0 36 0 0 0 0 0 0 0 0 0 27 0 0 0 0 0 0 0 0 0 38 20 0 0 0 0 0 0 0 0 0 0 34 0 0 0 0 25 0 0 0 0 0 0 14 0 0 0 0 8 0 29 0 13 0 30 0 0 37 0 4 0 0 23 0 0 15 0 22 16 0 33 0 7 6 0 0 24 5 0 9 31 17 12 1 0 0 
5580
18 0 0 0 0 0 0 0 0 0 0 0 26 0 36 0 0 0 0 0 0 0 0 0 27 0 0 0 0 0 0 0 0 38 0 20 0 0 0 0 0 0 0 0 0 0 34 0 0 0 0 25 0 0 0 0 0 0 14 0 0 0 0 8 0 29 0 13 0 30 15 0 2 0 4 0 39 23 0 0 0 0 22 0 28 0 10 7 6 0 0 21 0 0 0 31 17 12 1 0 
5640
0 18 0 0 0 0 0 0 0 0 0 0 26 0 36 0 0 0 0 0 0 0 0 0 0 27 0 0 0 0 0 0 0 0 38 20 0 0 0 0 0 0 0 0 0 0 0 34 0 0 0 25 0 0 0 0 0 0 0 14 30 0 0 0 8 0 29 0 13 0 0 15 2 0 16 4 0 39 23 0 0 24 0 22 0 28 10 7 6 0 0 0 5 40 9 31 17 12 1 0 
5700
0 0 18 0 0 0 0 0 0 0 0 0 0 26 0 36 0 0 0 0 0 0 0 0 0 0 27 0 0 0 0 0 0 0 38 0 20 0 0 0 0 0 0 0 0 0 0 0 34 0 14 0 25 0 0 0 0 0 0 0 30 0 0 0 0 16 0 0 39 13 0 0 15 2 0 8 28 0 0 23 0 24 0 0 35 0 19 10 0 6 0 0 5 0 0 32 33 17 7 1 
5760
0 0 0 18 0 0 0 0 0 0 0 0 0 26 0 36 0 0 0 0 0 0 0 0 0 0 0 27 0 0 0 0 0 0 0 38 20 0 0 0 0 0 0 0 0 0 0 0 0 34 14 0 25 0 0 0 0 0 29 0 0 30 0 0 0 0 8 0 0 39 13 0 0 2 0 0 16 28 0 0 23 0 0 15 35 0 4 33 10 0 0 0 24 5 0 9 32 17 7 1 
5820
0 0 0 0 18 0 0 0 0 0 0 0 0 0 26 0 36 0 0 0 0 0 0 0 0 0 0 0 27 0 0 0 0 0 0 38 0 20 0 0 34 0 0 0 0 0 0 0 0 0 0 14 0 25 0 0 0 0 0 29 39 30 0 0 0 0 0 8 0 0 0 13 0 0 2 0 0 16 33 0 23 0 0 0 15 35 0 19 12 0 6 0 24 0 22 0 31 0 17 7 
5880
0 0 0 0 0 18 0 0 0 0 0 0 0 0 26 0 36 0 0 0 0 0 0 0 0 0 0 0 0 27 0 0 0 0 0 0 38 20 0 0 0 34 0 0 0 0 0 0 0 0 29 14 0 25 0 0 0 0 0 0 0 39 30 0 0 0 0 0 16 0 0 0 13 0 2 0 0 0 8 33 1 23 0 21 15 35 0 0 28 0 7 6 0 0 5 0 9 0 32 0 
5940
0 0 0 0 0 0 18 0 0 0 0 0 0 0 0 26 0 36 0 0 27 0 0 0 0 0 0 0 0 0 0 0 0 0 0 0 38 0 20 0 0 0 34 0 0 0 0 0 0 0 29 0 14 0 25 0 0 0 0 0 0 0 30 0 0 0 0 0 0 16 10 0 39 13 0 2 0 0 19 0 12 23 0 21 0 0 35 0 31 28 33 1 6 0 40 15 9 0 0 0 
6000
0 0 0 0 0 0 0 18 0 0 0 0 0 0 0 26 0 36 0 0 27 0 0 0 0 0 0 0 0 0 0 0 0 0 0 0 0 38 20 0 0 0 0 34 0 0 0 0 0 0 0 29 14 0 25 0 0 0 0 0 16 0 0 39 0 0 0 0 0 0 8 10 0 30 13 2 0 0 0 0 28 33 23 0 21 37 35 0 4 0 17 7 1 6 0 5 15 9 0 0 
6060
0 0 0 0 0 0 0 0 18 0 0 0 0 0 0 0 26 0 36 0 0 27 0 0 0 0 0 0 0 0 0 0 0 0 0 0 0 38 0 20 0 0 0 0 34 0 0 0 0 0 0 29 0 14 0 25 0 0 0 0 0 16 0 0 39 0 0 0 0 0 31 28 10 30 0 13 2 0 0 0 0 12 33 1 21 0 22 35 0 4 17 7 0 0 6 40 15 9 0 0 
6120
0 0 0 0 0 0 0 0 0 18 0 0 0 0 0 0 26 0 36 0 0 27 0 0 0 0 0 0 0 0 0 0 0 0 0 0 0 0 38 20 0 0 0 0 0 34 0 0 0 0 0 0 29 14 0 25 0 0 0 0 0 0 16 0 0 39 0 0 0 0 0 0 28 0 30 13 2 0 0 0 4 12 0 23 1 21 22 35 0 0 0 17 7 10 0 6 40 15 9 0 
6180
18 0 0 0 0 0 0 0 0 0 0 0 0 0 0 0 0 26 0 36 0 0 27 0 0 0 0 0 0 0 20 0 0 0 0 0 0 0 38 0 0 0 0 0 0 0 34 0 0 0 0 0 29 0 14 0 25 0 0 0 0 0 0 16 0 0 39 0 0 0 19 31 0 28 30 0 13 2 0 0 0 4 12 23 0 24 37 22 35 0 0 17 0 33 10 6 40 15 9 0 
6240
0 18 0 0 0 0 0 0 0 0 0 0 0 0 0 0 0 26 0 36 0 0 27 0 0 0 0 0 0 0 0 20 0 0 0 0 0 0 0 38 0 0 0 0 0 0 0 34 0 0 0 0 0 29 14 0 25 0 0 0 0 0 0 0 16 0 0 39 0 0 0 31 0 0 28 30 21 2 0 0 0 4 12 0 0 1 37 22 35 0 0 19 17 0 23 0 5 13 15 9 
6300
0 0 18 0 0 0 0 0 0 0 36 0 0 0 0 0 0 0 26 0 0 0 0 27 0 0 0 0 0 0 0 0 20 0 0 0 0 0 0 38 0 0 0 0 0 0 0 0 34 0 0 0 0 29 0 14 0 25 0 0 0 0 0 0 0 16 0 0 39 0 0 0 31 0 0 30 0 37 2 0 0 0 8 12 0 0 1 40 22 35 0 32 17 0 0 0 24 13 15 9 
6360
0 0 0 18 0 0 0 0 0 0 0 36 0 0 0 0 0 0 26 0 0 0 0 27 0 0 0 0 0 0 38 0 0 20 0 0 0 0 0 0 0 0 0 0 0 0 0 0 0 34 0 0 0 0 29 14 0 25 0 0 0 0 0 0 0 0 16 21 0 39 0 0 31 0 0 0 30 0 2 0 0 0 8 12 0 0 0 5 40 35 9 0 32 17 0 0 28 0 13 15 
6420
0 0 0 0 18 0 0 0 0 0 0 0 36 0 0 0 0 0 0 26 0 0 0 0 27 0 0 0 0 0 0 38 0 0 20 0 0 0 0 0 34 0 0 0 0 0 0 0 0 0 0 0 0 0 29 0 14 0 25 0 39 0 0 0 0 0 0 21 0 0 0 0 0 31 0 0 0 16 0 2 15 0 4 8 12 0 6 0 1 0 35 9 32 17 0 0 33 10 0 0 
6480
0 0 0 0 0 18 0 0 0 0 0 0 0 36 0 0 0 0 0 26 0 0 0 0 27 0 0 0 0 0 0 0 38 0 0 20 0 0 0 0 34 0 0 0 0 0 0 0 0 0 0 0 0 0 0 29 14 0 25 0 0 39 0 0 0 0 0 0 21 0 0 0 0 31 0 0 0 30 16 2 40 35 4 8 12 0 0 28 5 0 37 0 0 32 17 0 23 24 0 0 
6540
0 0 0 0 0 0 18 0 0 0 26 0 0 0 36 0 0 0 0 0 0 0 0 0 0 27 0 0 0 0 0 0 0 38 0 0 20 0 0 0 0 34 0 0 0 0 0 0 0 0 0 0 0 0 0 29 0 14 0 25 0 0 39 0 0 0 0 0 21 0 2 15 0 0 8 0 0 30 0 16 1 0 35 4 31 12 0 0 5 0 37 0 9 32 17 0 0 33 28 10 
6600
0 0 0 0 0 0 0 18 0 0 0 26 0 0 0 36 0 0 0 0 0 0 0 0 0 27 0 0 0 0 0 0 0 0 38 0 0 20 0 0 0 34 0 0 0 0 0 0 0 0 0 0 0 0 0 0 29 14 0 25 0 0 0 39 0 0 0 0 0 21 16 15 0 35 8 0 0 0 30 0 0 2 0 0 31 12 0 0 0 28 13 1 0 0 4 0 0 0 6 5 
6660
0 0 0 0 0 0 0 0 18 0 0 0 26 0 0 0 36 0 0 0 0 0 0 0 0 0 27 0 0 0 0 0 0 0 0 38 0 0 20 0 0 0 34 0 0 0 0 0 0 0 25 0 0 0 0 0 29 0 14 0 0 0 0 0 39 0 0 0 0 21 16 0 15 0 0 8 0 0 30 0 0 13 2 0 0 31 12 0 24 0 0 40 1 0 35 4 0 0 0 33 
6720
0 0 0 0 0 0 0 0 0 18 0 0 0 26 0 0 0 36 0 0 0 0 0 0 0 0 27 0 0 0 0 0 0 0 0 0 38 0 0 20 0 0 34 0 0 0 0 0 0 0 0 25 0 0 0 0 0 29 14 0 21 0 0 0 0 39 0 0 0 0 0 16 15 0 0 8 0 0 0 30 0 28 13 2 19 31 12 0 0 6 33 40 0 1 9 35 4 0 0 0 
6780
18 0 0 0 0 0 0 0 0 0 0 0 0 0 26 0 0 0 36 0 0 0 0 0 0 0 0 27 0 0 20 0 0 0 0 0 0 38 0 0 0 0 0 34 0 0 0 0 0 0 0 0 25 0 0 0 0 29 0 14 0 21 0 0 0 0 39 0 0 0 0 0 28 15 2 0 8 0 0 30 6 0 0 13 0 19 17 12 0 0 0 37 40 0 0 9 31 4 0 0 
6840
0 18 0 0 0 0 0 0 0 0 0 0 0 0 0 26 0 0 0 36 0 0 0 0 0 0 0 27 0 0 0 20 0 0 0 0 0 0 38 0 0 0 0 34 0 0 0 0 0 0 0 0 0 25 0 0 0 0 29 14 0 0 16 0 0 0 0 39 0 0 30 0 0 15 0 2 8 0 0 0 6 0 0 28 13 19 17 12 0 0 0 37 40 0 0 9 31 0 4 23 
6900
0 0 18 0 0 0 0 0 0 0 36 0 0 0 0 0 26 0 0 0 0 0 0 0 0 0 0 0 27 0 0 0 20 0 0 0 0 0 0 38 0 0 0 0 34 0 0 0 0 0 14 0 0 0 25 0 0 0 29 0 0 0 16 0 0 0 0 0 39 0 0 30 0 0 15 13 2 8 0 0 24 6 0 0 28 0 19 17 12 0 0 10 37 21 0 1 9 31 4 23 
6960
0 0 0 18 0 0 0 0 0 0 0 36 0 0 0 0 0 26 0 0 0 0 0 0 0 0 0 0 27 0 38 0 0 20 0 0 0 0 0 0 0 0 0 0 34 0 0 0 0 0 0 14 0 0 0 25 0 0 0 29 0 0 0 16 0 0 13 0 0 39 0 0 30 0 15 0 2 8 0 0 24 6 0 0 0 28 19 17 12 0 23 10 0 40 21 1 9 31 0 4 
7020
0 0 0 0 18 0 0 0 0 0 0 0 36 0 0 0 0 0 26 0 0 0 0 0 0 0 0 0 0 27 38 0 0 0 20 0 0 0 0 0 0 0 0 0 0 34 0 0 0 0 0 0 14 0 0 0 25 0 0 29 39 0 0 16 0 0 0 13 0 0 0 0 0 30 0 15 0 0 17 0 0 24 6 37 0 0 35 19 8 12 4 5 10 40 0 21 28 9 0 0 
7080
0 0 0 0 0 18 0 0 0 0 0 0 0 36 0 0 0 0 0 26 0 0 0 0 0 0 0 0 0 27 0 38 0 0 0 20 0 0 0 0 0 0 0 0 0 34 0 0 0 0 29 0 0 14 0 0 0 25 0 0 39 0 0 0 16 0 0 0 13 0 0 0 0 0 30 15 0 35 17 0 0 24 6 37 0 0 0 19 8 12 4 5 10 0 40 0 1 28 2 0 
7140
0 0 0 0 0 0 18 0 0 0 26 0 0 0 36 0 0 0 0 0 27 0 0 0 0 0 0 0 0 0 0 38 0 0 0 0 20 0 0 0 0 0 0 0 0 0 34 0 0 0 29 0 0 0 14 0 0 0 25 0 0 39 0 0 16 0 0 0 0 13 0 0 0 0 0 30 15 0 35 17 12 0 24 6 37 0 21 0 19 8 7 4 5 10 40 0 32 0 0 31 
7200
0 0 0 0 0 0 0 18 0 0 26 0 0 0 0 36 0 0 0 0 27 0 0 0 0 0 0 0 0 0 0 0 38 0 0 0 0 20 0 0 0 0 0 0 0 0 34 0 0 0 0 29 0 0 0 14 0 0 0 25 13 39 0 0 0 16 0 0 0 0 0 0 0 0 0 0 15 0 35 17 0 23 24 6 37 0 30 21 0 8 2 4 5 10 0 40 0 32 1 19 
7260
0 0 0 0 0 0 0 0 18 0 0 26 0 0 0 0 36 0 0 0 0 27 0 0 0 0 0 0 0 0 0 0 38 0 0 0 0 0 20 0 0 0 0 0 0 0 0 34 0 0 25 29 0 0 0 0 14 0 0 0 0 13 39 0 0 16 0 0 0 0 17 0 0 0 6 0 0 15 0 0 8 23 0 24 0 37 0 30 21 9 19 7 4 5 10 40 0 0 0 1 
7320
0 0 0 0 0 0 0 0 0 18 0 26 0 0 0 0 0 36 0 0 0 27 0 0 0 0 0 0 0 0 0 0 0 38 0 0 0 0 0 20 0 0 0 0 0 0 0 34 0 0 25 0 29 0 0 0 0 14 0 0 35 0 39 0 0 0 16 0 0 0 9 0 13 0 6 0 0 15 0 0 1 0 0 4 24 37 0 0 30 0 31 2 23 5 10 0 40 0 0 0 
7380
18 0 0 0 0 0 0 0 0 0 0 0 26 0 0 0 0 0 36 0 0 0 27 0 0 0 0 0 0 0 20 0 0 38 0 0 0 0 0 0 0 0 0 0 0 0 0 0 34 0 0 25 29 0 0 0 0 0 14 0 0 35 0 39 0 0 16 0 0 0 9 0 0 7 0 6 0 0 15 0 21 12 0 13 0 24 37 0 0 0 31 2 23 0 4 10 40 0 0 0 
7440
18 0 0 0 0 0 0 0 0 0 0 0 26 0 0 0 0 0 0 36 0 0 27 0 0 0 0 0 0 0 20 0 0 0 38 0 0 0 0 0 0 0 0 0 0 0 0 0 34 0 0 25 0 29 0 0 0 0 0 14 0 0 35 39 0 0 0 16 0 0 0 32 0 17 7 6 0 0 15 0 30 0 0 8 13 0 37 0 0 0 0 21 19 23 4 0 24 40 0 0 
7500
0 18 0 0 0 0 0 0 0 0 36 0 0 26 0 0 0 0 0 0 0 0 0 27 0 0 0 0 0 0 0 20 0 0 38 0 0 0 0 0 0 0 0 0 0 0 0 0 0 34 14 0 25 29 0 0 0 0 0 0 0 0 0 0 39 0 0 16 0 0 0 0 32 0 17 7 6 0 0 15 0 0 0 35 8 0 10 37 0 0 0 0 0 1 5 0 24 40 0 0 
7560
0 18 0 0 0 0 0 0 0 0 0 36 0 26 0 0 0 0 0 0 0 0 0 27 0 0 0 0 0 0 0 20 0 0 0 38 0 0 0 0 0 0 0 0 0 0 0 0 0 34 0 14 25 0 29 0 0 0 0 0 0 0 0 0 0 17 0 0 16 0 0 0 0 12 0 0 6 0 0 15 0 0 9 32 35 0 10 37 0 0 0 0 33 2 1 0 7 24 40 0 
7620
0 0 18 0 0 0 0 0 0 0 0 0 36 0 26 0 0 0 0 0 0 0 0 0 27 0 0 0 0 0 0 0 20 0 0 38 0 0 0 0 34 0 0 0 0 0 0 0 0 0 0 0 0 25 0 39 0 0 0 0 0 0 14 0 0 0 17 0 16 0 15 0 0 0 12 0 0 10 0 0 0 0 0 30 23 35 4 6 37 0 0 0 33 0 19 1 7 24 40 0 
7680
0 0 18 0 0 0 0 0 0 0 0 0 0 36 26 0 0 0 0 0 0 0 0 0 27 0 0 0 0 0 0 0 20 0 0 0 38 0 0 0 0 34 0 0 0 29 0 0 0 0 0 0 0 25 0 39 0 0 0 0 0 0 0 14 0 0 0 17 0 16 15 0 0 9 0 12 35 10 0 0 0 0 28 0 32 0 1 6 37 0 0 0 0 0 31 0 0 4 24 40 
7740
0 0 0 18 0 0 0 0 0 0 0 0 0 0 0 26 0 0 0 0 0 0 0 0 0 27 0 0 0 0 0 0 0 0 36 0 38 0 0 0 0 0 34 0 0 29 0 0 0 0 0 0 0 0 25 0 39 0 0 0 0 0 0 0 14 0 12 0 17 16 0 15 0 9 0 0 0 1 10 0 0 0 28 0 0 23 0 8 6 37 0 0 0 33 30 31 0 4 24 40 
7800
0 0 0 18 0 0 0 0 0 0 0 0 0 0 0 26 0 0 0 0 0 0 0 0 0 27 0 0 0 0 0 0 0 0 0 36 0 38 0 0 0 0 0 34 0 0 29 0 0 0 0 0 0 0 25 0 39 0 0 0 16 0 0 0 0 14 0 12 0 0 0 15 0 0 9 0 0 35 1 17 0 0 0 0 0 21 32 8 6 37 40 0 0 0 0 30 0 7 5 24 
7860
0 0 0 0 18 0 0 0 0 0 0 0 0 0 0 0 26 0 0 0 0 0 0 0 0 0 27 0 0 0 0 0 0 0 20 0 36 38 0 0 0 0 0 0 34 0 29 0 0 0 0 0 0 0 0 25 0 39 0 0 0 16 0 0 0 0 14 0 12 0 17 0 15 0 9 0 21 0 35 10 24 0 0 0 0 33 0 31 0 5 37 40 0 0 0 0 0 13 0 6 
7920
0 0 0 0 18 0 0 0 0 0 0 0 0 0 0 0 26 0 0 0 0 0 0 0 0 0 27 0 0 0 0 0 0 0 20 0 0 36 38 0 0 0 0 0 0 34 0 29 0 0 0 0 0 0 0 25 0 39 0 0 0 0 16 0 0 0 0 14 0 12 17 0 15 0 0 9 0 21 0 10 5 37 0 0 28 0 33 0 0 35 1 0 40 0 0 0 30 32 0 8 
7980
0 0 0 0 0 18 0 0 0 0 0 0 0 0 0 0 0 26 0 0 0 0 0 0 0 0 0 27 0 0 0 0 0 0 0 20 0 0 38 0 0 0 0 0 0 0 34 0 36 0 0 0 0 0 0 0 25 0 39 0 12 0 0 16 0 0 0 0 14 0 10 17 0 15 0 9 0 0 0 31 6 5 37 0 28 0 2 33 0 0 35 24 0 40 0 0 0 30 0 0 
8040
0 0 0 0 0 18 0 0 0 0 0 0 0 0 0 0 0 26 0 0 0 0 0 0 0 0 0 27 0 0 0 0 0 0 0 20 0 0 0 38 0 0 0 0 0 0 0 0 29 36 0 0 0 0 0 0 25 0 39 0 0 12 0 0 16 0 0 0 0 14 10 17 0 15 0 0 9 0 0 31 7 0 5 37 0 28 2 0 0 0 35 24 0 0 40 0 0 23 32 0 
8100
0 0 0 0 0 0 18 0 0 0 0 0 0 0 0 0 0 0 26 0 0 0 0 0 0 0 0 0 27 0 0 0 0 0 0 0 20 0 0 38 36 0 0 0 0 0 0 0 29 0 0 0 0 0 0 0 0 0 34 39 14 0 12 0 0 16 0 0 0 0 31 10 0 5 15 0 9 0 0 0 0 6 8 0 37 28 0 2 0 33 13 1 24 0 0 40 0 0 0 0 
8160
0 0 0 0 0 0 18 0 0 0 0 0 0 0 0 0 0 0 26 0 0 0 0 0 0 0 0 0 27 0 38 0 0 0 0 0 20 0 0 0 0 36 0 0 0 0 0 0 0 29 0 0 0 0 0 0 0 0 0 39 0 14 0 12 0 0 16 0 0 34 0 31 7 0 15 0 0 9 0 30 33 35 0 0 5 0 28 2 0 0 19 1 24 0 0 37 40 0 23 0 
8220
0 0 0 0 0 0 0 18 0 0 0 0 0 0 0 0 0 0 0 26 0 0 0 0 0 0 0 0 0 27 38 0 0 0 0 0 0 20 0 0 0 0 36 0 0 0 0 0 0 29 39 0 0 0 0 0 0 0 25 0 34 0 14 0 12 0 0 16 0 0 30 0 0 17 0 15 0 9 0 0 0 0 6 7 8 5 28 0 2 0 0 13 1 24 0 0 37 40 0 4 
8280
0 0 0 0 0 0 0 18 0 0 0 0 0 0 0 0 0 0 0 26 0 0 0 0 0 0 0 0 0 27 0 38 0 0 0 0 0 20 0 0 29 0 0 36 0 0 0 0 0 0 0 39 0 0 0 0 0 0 25 0 34 0 0 14 0 12 0 0 16 0 0 30 0 0 7 15 0 0 9 0 0 0 13 31 0 0 0 37 2 0 32 19 1 24 0 0 0 28 0 0 
8340
0 0 0 0 0 0 0 0 18 0 26 0 0 0 0 0 0 0 0 0 27 0 0 0 0 0 0 0 0 0 0 38 0 0 0 0 0 0 20 0 0 29 0 0 36 0 0 0 0 0 0 0 39 0 0 0 0 0 0 25 0 34 0 0 14 0 12 0 0 16 0 0 30 10 17 7 15 0 9 0 0 0 0 6 31 0 0 0 0 2 32 19 0 1 24 0 8 5 0 40 
8400
0 0 0 0 0 0 0 0 18 0 26 0 0 0 0 0 0 0 0 0 0 27 0 0 0 0 0 0 0 0 0 0 38 0 0 0 0 0 20 0 0 0 29 0 0 36 0 0 0 0 0 0 0 39 0 0 0 0 0 25 16 34 0 0 0 14 0 12 0 0 0 0 0 30 17 0 15 0 0 9 0 4 0 33 13 31 7 0 0 0 0 32 19 1 24 0 0 8 0 37 
8460
0 0 0 0 0 0 0 0 0 18 0 26 0 0 0 0 0 0 0 0 0 0 27 0 0 0 0 0 0 0 0 0 38 0 0 0 0 0 0 20 0 0 0 29 0 0 36 0 0 0 25 0 0 0 39 0 0 0 0 0 0 16 0 35 0 0 14 0 12 0 0 0 0 0 0 13 0 15 0 9 2 4 0 21 0 17 31 7 0 0 37 32 19 0 1 24 0 0 5 0 
8520
0 0 0 0 0 0 0 0 0 18 0 26 0 0 0 0 0 0 0 0 0 0 0 27 0 0 0 0 0 0 0 0 0 38 0 0 0 0 0 20 0 0 0 0 29 0 0 36 0 0 0 25 0 0 0 39 0 0 0 0 0 0 16 0 35 0 0 14 0 12 9 0 0 0 30 0 13 15 0 0 0 2 4 0 33 17 0 0 7 0 0 40 32 19 1 24 0 0 8 28 
8580
18 0 0 0 0 0 0 0 0 0 0 0 26 0 0 0 0 0 0 0 0 0 0 0 27 0 0 0 0 0 20 0 0 38 0 0 0 0 0 0 0 0 0 0 0 29 0 0 36 0 0 0 25 0 0 0 39 0 0 0 12 0 0 16 0 35 0 0 14 0 0 9 0 34 21 10 0 0 15 0 0 2 4 0 0 33 17 0 31 7 0 40 32 19 0 6 24 0 8 28 
8640
18 0 0 0 0 0 0 0 0 0 0 0 26 0 0 0 0 0 0 0 0 0 0 0 0 27 0 0 0 0 20 0 0 0 38 0 0 0 0 0 0 0 0 0 0 0 29 0 0 36 0 0 0 25 0 0 0 39 0 0 12 0 0 0 16 0 35 0 0 14 0 0 9 34 21 10 0 0 15 0 7 0 40 4 0 33 17 0 13 31 0 37 2 0 19 6 24 0 0 8 
8700
0 18 0 0 0 0 0 0 0 0 0 0 0 26 0 0 0 0 0 0 0 0 0 0 0 0 27 0 0 0 0 20 0 0 38 0 0 0 0 0 36 0 0 0 0 0 0 29 0 0 0 0 0 0 25 0 0 0 39 0 0 12 0 0 0 16 0 35 0 0 31 0 0 9 0 30 10 0 0 15 0 7 40 4 0 21 33 17 0 13 0 28 37 2 0 1 6 24 0 5 
8760
0 18 0 0 0 0 0 0 0 0 0 0 0 26 0 0 0 0 0 0 0 0 0 0 0 0 0 27 0 0 0 20 0 0 0 38 0 0 0 0 0 36 0 0 0 0 0 0 29 0 0 0 0 0 0 25 0 0 0 39 0 12 0 0 0 0 16 0 35 0 0 31 0 0 9 30 10 0 0 15 13 0 7 40 4 21 33 17 0 0 8 0 28 37 32 1 6 24 0 0 
8820
0 0 18 0 0 0 0 0 0 0 0 0 0 0 26 0 0 0 0 0 0 0 0 0 0 0 0 0 27 0 0 0 20 0 0 38 0 0 0 0 0 0 36 0 0 0 0 0 0 29 39 0 0 0 0 0 25 0 0 0 0 0 12 0 0 9 0 16 0 35 15 0 31 7 0 34 0 10 0 0 13 0 0 28 0 19 30 0 17 0 5 14 0 0 40 0 21 33 24 0 
8880
0 0 18 0 0 0 0 0 0 0 0 0 0 0 26 0 0 0 0 0 0 0 0 0 0 0 0 0 0 27 0 0 20 0 0 0 38 0 0 0 29 0 0 36 0 0 0 0 0 0 0 39 0 0 0 0 0 25 0 0 35 0 0 31 0 0 9 0 16 0 0 15 0 0 7 34 0 10 0 0 0 13 0 0 37 19 0 1 17 0 5 14 0 0 28 0 32 33 24 0 
8940
0 0 0 18 0 0 0 0 0 0 0 0 0 0 0 26 0 0 0 0 27 0 0 0 0 0 0 0 0 0 0 0 0 20 0 0 38 0 0 0 29 0 0 0 36 0 0 0 0 0 0 0 39 0 0 0 0 0 25 0 0 35 0 12 31 0 0 9 0 16 0 0 15 0 0 0 0 30 10 0 0 13 0 0 0 37 19 0 1 17 0 5 14 0 0 7 0 32 33 24 
9000
0 0 0 18 0 0 0 0 0 0 0 0 0 0 0 26 0 0 0 0 0 27 0 0 0 0 0 0 0 0 0 0 0 20 0 0 0 38 0 0 0 29 0 0 0 36 0 0 0 0 0 0 0 39 0 0 0 0 0 25 16 0 35 12 0 31 0 0 9 0 0 0 0 15 0 0 0 30 10 0 0 8 13 0 0 37 0 40 1 17 0 5 14 0 0 2 7 32 33 24 
9060
0 0 0 0 18 0 0 0 0 0 0 0 0 0 0 0 26 0 0 0 0 0 27 0 0 0 0 0 0 0 0 0 0 0 20 0 0 38 0 0 0 29 0 0 0 0 36 0 0 0 25 0 0 0 39 0 0 0 0 0 16 0 0 35 12 0 0 34 0 9 0 0 0 0 15 0 0 0 30 10 17 8 13 0 0 0 0 19 21 1 24 0 5 14 0 0 4 0 6 33 
9120
0 0 0 0 18 0 0 0 0 0 0 0 0 0 0 0 26 0 0 0 0 0 0 27 0 0 0 0 0 0 0 0 0 0 20 0 0 0 38 0 0 0 29 0 0 0 0 36 0 0 25 0 0 0 0 39 0 0 0 0 9 16 0 0 12 0 0 34 0 0 0 0 0 0 35 15 0 31 0 10 1 0 8 13 0 0 37 0 40 30 33 17 5 14 0 0 0 0 7 0 
9180
0 0 0 0 0 18 0 0 0 0 0 0 0 0 0 0 0 26 0 0 0 0 0 0 27 0 0 0 0 0 0 0 0 0 0 20 0 0 38 0 0 0 29 0 0 0 0 0 36 0 0 25 0 0 0 0 39 0 0 0 0 16 0 0 0 12 0 0 34 0 0 9 0 0 0 35 15 0 31 0 32 24 8 13 0 0 0 0 19 0 0 33 17 5 14 0 0 0 2 0 
9240
0 0 0 0 0 18 0 0 0 0 0 0 0 0 0 0 0 26 0 0 0 0 0 0 0 27 0 0 0 0 0 0 0 0 0 20 0 0 0 38 0 0 0 29 0 0 0 0 0 36 0 25 0 0 0 0 0 39 0 0 0 0 16 0 0 0 35 0 34 0 0 1 9 0 0 0 0 15 0 31 0 0 0 8 13 0 0 0 19 0 40 33 17 5 14 0 0 0 28 6 
9300
0 0 0 0 0 0 18 0 0 0 0 0 0 0 0 0 0 0 26 0 0 0 0 0 0 0 27 0 0 0 0 0 0 0 0 0 20 0 0 38 36 0 0 29 0 0 0 0 0 0 0 0 25 0 0 0 0 0 39 0 0 0 16 0 0 0 12 35 0 34 31 1 0 9 0 0 0 0 15 0 0 10 33 8 13 0 0 0 0 19 0 32 0 17 5 14 0 0 0 37 
9360
0 0 0 0 0 0 18 0 0 0 0 0 0 0 0 0 0 0 26 0 0 0 0 0 0 0 0 27 0 0 38 0 0 0 0 0 20 0 0 0 0 36 0 0 29 0 0 0 0 0 0 0 25 0 0 0 0 0 0 39 0 0 0 16 0 0 12 0 35 34 31 0 30 0 9 0 0 0 0 15 0 0 0 24 8 13 0 0 0 19 6 40 1 17 5 14 0 0 0 0 
9420
0 0 0 0 0 0 0 18 0 0 0 0 0 0 0 0 0 0 0 26 0 0 0 0 0 0 0 0 27 0 0 38 0 0 0 0 0 20 0 0 0 0 36 0 29 0 0 0 0 0 39 0 0 25 0 0 0 0 0 0 34 0 0 16 0 0 0 12 0 0 15 31 0 30 0 9 0 0 0 0 19 7 10 24 8 13 0 0 0 0 21 40 1 0 17 5 14 0 0 35 
9480
0 0 0 0 0 0 0 18 0 0 0 0 0 0 0 0 0 0 0 26 0 0 0 0 0 0 0 0 0 27 0 0 38 0 0 0 0 20 0 0 0 0 0 36 0 29 0 0 0 0 0 39 0 25 0 0 0 0 0 0 0 34 0 0 16 0 0 12 0 0 15 31 0 0 30 0 9 0 0 0 19 7 10 0 33 8 13 0 0 4 28 21 40 1 17 5 14 0 0 0 
9540
0 0 0 0 0 0 0 0 18 0 26 0 0 0 0 0 0 0 0 0 27 0 0 0 0 0 0 0 0 0 0 0 0 38 0 0 0 0 20 0 0 0 0 0 36 29 0 0 0 0 0 0 39 0 25 0 0 0 0 0 0 0 34 0 16 0 0 0 12 0 0 15 31 0 0 30 0 9 0 0 0 19 7 0 24 8 13 0 0 4 28 21 40 1 0 33 5 14 0 0 
9600
0 0 0 0 0 0 0 0 18 0 26 0 0 0 0 0 0 0 0 0 0 27 0 0 0 0 0 0 0 0 0 0 0 0 38 0 0 0 20 0 0 0 0 0 0 36 29 0 0 0 0 0 0 39 25 0 0 0 0 0 0 0 0 34 0 16 0 0 12 0 0 15 31 0 0 0 30 0 9 0 4 0 32 40 0 24 8 13 0 0 35 37 21 0 1 33 5 14 0 0 
9660
0 0 0 0 0 0 0 0 0 18 0 26 0 0 0 0 0 0 0 0 0 0 27 0 0 0 0 0 0 0 0 0 0 0 0 38 0 0 0 20 0 0 0 0 0 0 29 0 0 0 0 0 0 0 39 0 36 0 0 0 0 0 0 0 34 16 0 0 0 12 0 0 15 31 0 0 0 30 0 9 0 28 19 0 10 24 8 13 0 0 0 37 0 7 0 0 33 5 14 0 
9720
0 0 0 0 0 0 0 0 0 18 0 26 0 0 0 0 0 0 0 0 0 0 0 27 0 0 0 0 0 0 0 0 0 0 0 0 38 0 0 20 0 0 0 0 0 0 0 29 0 0 0 0 0 0 0 39 0 36 0 0 0 0 0 0 0 34 16 0 0 12 9 0 15 0 40 0 0 8 30 0 0 0 0 0 10 0 24 0 13 0 0 6 4 7 0 1 33 5 14 0 
9780
18 0 0 0 0 0 0 0 0 0 0 0 26 0 0 0 0 0 0 0 0 0 0 0 27 0 0 0 0 0 20 0 0 0 0 0 0 38 0 0 0 0 0 0 0 0 0 29 0 0 0 0 0 0 0 0 39 0 36 0 12 0 0 0 31 0 16 0 0 0 0 9 0 15 40 0 25 8 0 30 0 0 37 19 0 10 17 24 13 0 0 0 6 4 7 0 34 33 5 14 
9840
0 18 0 0 0 0 0 0 0 0 0 0 26 0 0 0 0 0 0 0 0 0 0 0 0 27 0 0 0 0 0 20 0 0 0 0 0 0 38 0 0 0 0 0 0 0 0 0 29 0 0 0 0 0 0 0 0 39 0 36 0 12 0 0 31 0 0 16 0 0 30 0 28 15 0 40 25 0 8 0 0 0 37 0 32 10 0 34 24 13 0 0 6 4 7 0 1 33 5 14 
9900
0 0 18 0 0 0 0 0 0 0 0 0 0 26 0 0 0 0 0 0 0 0 0 0 0 0 27 0 0 0 0 0 20 0 0 0 0 0 0 38 0 0 0 0 0 0 0 0 29 0 36 0 0 0 0 0 0 0 39 0 0 0 12 0 0 31 0 16 0 0 0 0 28 0 19 40 0 25 8 0 0 0 9 2 32 0 0 0 34 13 14 0 35 6 4 7 0 17 0 24 
9960
0 0 0 18 0 0 0 0 0 0 0 0 0 26 0 0 0 0 0 0 0 0 0 0 0 0 0 27 0 0 38 0 0 20 0 0 0 0 0 0 0 0 0 0 0 0 0 0 0 29 36 0 0 0 0 0 0 0 0 39 0 0 0 12 0 31 0 0 16 0 0 0 0 28 19 0 40 25 0 8 13 0 30 37 21 32 0 0 0 33 24 14 35 6 4 7 0 1 0 34 
10020
0 0 0 0 18 0 0 0 0 0 0 0 0 0 26 0 0 0 0 0 0 0 0 0 0 0 0 0 27 0 38 0 0 0 20 0 0 0 0 0 0 0 0 0 0 0 0 0 0 29 39 36 0 0 0 0 0 0 0 0 0 0 0 0 12 0 31 0 16 0 0 0 0 0 15 19 40 0 25 8 33 0 14 30 2 32 0 10 0 0 24 0 0 9 6 21 7 1 0 34 
10080
0 0 0 0 0 18 0 0 0 0 0 0 0 0 26 0 0 0 0 0 0 0 0 0 0 0 0 0 0 27 0 38 0 0 0 20 0 0 0 0 29 0 0 0 0 0 0 0 0 0 0 36 0 0 0 0 0 0 0 0 0 39 0 0 28 12 31 0 0 16 8 0 0 14 15 19 0 40 25 0 33 0 0 30 2 0 32 10 0 17 5 24 0 9 6 21 7 0 0 0 
10140
0 0 0 0 0 0 18 0 0 0 0 0 0 0 0 26 0 0 0 0 27 0 0 0 0 0 0 0 0 0 0 38 0 0 0 0 20 0 0 0 0 29 0 0 0 0 0 0 0 0 0 0 36 0 0 0 0 0 0 0 0 0 0 13 28 0 12 31 0 16 0 8 0 0 14 15 19 40 0 25 17 33 0 0 30 6 32 0 10 0 5 24 0 35 0 4 21 7 0 0 
10200
0 0 0 0 0 0 0 18 0 0 0 0 0 0 0 26 0 0 0 0 0 27 0 0 0 0 0 0 0 0 0 0 38 0 0 0 0 20 0 0 0 0 29 0 0 0 0 0 0 0 0 0 36 0 0 0 0 0 0 0 16 0 0 39 13 28 0 31 0 0 0 0 8 0 14 15 19 0 40 25 0 33 0 0 0 2 6 12 10 0 0 17 24 0 37 4 21 7 0 1 
10260
0 0 0 0 0 0 0 0 18 0 0 0 0 0 0 0 26 0 0 0 0 0 27 0 0 0 0 0 0 0 0 0 38 0 0 0 0 0 20 0 0 0 0 29 0 0 0 0 0 0 0 0 0 36 0 0 0 0 0 0 0 16 0 0 39 28 0 0 31 0 25 0 0 8 0 13 0 6 40 0 0 0 33 0 0 30 0 19 12 10 0 17 24 0 35 14 0 32 7 1 
10320
0 0 0 0 0 0 0 0 0 18 0 0 0 0 0 0 26 0 0 0 0 0 0 27 0 0 0 0 0 0 0 0 0 38 0 0 0 0 0 20 0 0 0 0 29 0 0 0 0 0 0 0 0 36 0 0 0 0 0 0 0 0 16 0 0 0 28 0 31 0 0 25 0 0 8 0 13 0 6 40 0 0 33 0 0 39 30 19 0 10 0 34 5 24 0 35 14 32 0 12 
10380
18 0 0 0 0 0 0 0 0 0 0 0 0 0 0 0 0 26 0 0 0 0 0 0 27 0 0 0 0 0 20 0 0 38 0 0 0 0 0 0 0 0 0 0 0 29 0 0 0 0 0 0 0 0 36 0 0 0 0 0 0 0 0 16 0 0 28 0 0 31 0 0 25 0 0 8 0 13 0 40 10 0 0 33 0 0 0 15 19 0 12 34 5 24 0 9 39 4 32 6 
10440
0 18 0 0 0 0 0 0 0 0 0 0 0 0 0 0 0 26 0 0 0 0 0 0 0 27 0 0 0 0 0 20 0 0 38 0 0 0 0 0 0 0 0 0 0 0 29 0 0 0 0 0 0 0 36 0 0 0 0 0 0 0 0 0 16 0 0 28 0 31 40 0 0 25 0 0 8 0 13 0 6 10 0 33 0 0 9 15 19 0 0 12 17 5 0 37 39 4 32 0 
10500
0 0 18 0 0 0 0 0 0 0 0 0 0 0 0 0 0 0 26 0 0 0 0 0 0 0 27 0 0 0 0 0 20 0 38 0 0 0 0 0 0 0 0 0 0 0 0 29 0 0 0 0 0 0 0 36 0 0 0 0 31 0 0 0 0 16 0 28 0 0 0 40 0 0 25 0 0 2 0 13 0 6 34 0 33 0 0 9 15 19 7 0 12 17 5 37 0 0 21 32 
10560
0 0 0 18 0 0 0 0 0 0 0 0 0 0 0 0 0 0 26 0 0 0 0 0 0 0 0 27 0 0 0 0 0 20 0 38 0 0 0 0 0 0 0 0 0 0 0 0 29 0 0 0 0 0 0 36 0 0 0 0 0 31 0 0 0 0 16 0 28 0 13 0 40 0 0 25 0 2 0 0 0 0 6 12 0 24 0 9 15 19 0 0 10 0 17 5 37 30 21 32 
10620
0 0 0 0 18 0 0 0 0 0 0 0 0 0 0 0 0 0 0 26 0 0 0 0 0 0 0 0 27 0 0 0 0 0 20 38 0 0 0 0 0 0 0 0 0 0 0 0 0 29 0 0 0 0 0 0 36 0 0 0 0 0 31 0 0 0 0 16 28 0 0 13 0 6 0 0 0 0 2 15 19 0 0 34 12 24 0 8 30 0 32 0 0 10 0 17 5 39 35 21 
