p0 2 7 10
p1 5 6 13
p2 8 8 19
p3 11 7 19
p4 12 1 20
p5 15 8 24
p6 19 2 28
p7 19 1 22
p8 19 7 28
p9 20 9 31
p10 24 7 36
p11 25 7 46
p12 27 7 35
p13 28 2 31
p14 28 7 38
p15 32 8 55
p16 34 6 44
p17 36 9 46
p18 37 9 47
p19 38 8 48
p20 40 7 49
p21 40 9 50
p22 44 5 55
p23 44 9 58
p24 47 1 58
p25 51 1 65
p26 55 4 67
p27 55 2 60
p28 55 1 57
p29 57 8 68
p30 61 3 71
p31 61 7 69
p32 62 4 69
p33 64 2 67
p34 64 7 92
p35 66 1 68
p36 69 7 77
p37 71 6 78
p38 75 9 90
p39 77 6 90
p40 77 7 91
p41 78 6 85
p42 82 6 92
p43 84 8 93
p44 87 3 96
p45 88 5 98
p46 88 8 102
p47 88 6 100
p48 88 3 92
p49 92 3 129
