p0 0 5 367
p1 1 4 6
p2 4 9 5985
p3 7 12 1565
p4 9 3 1451
p5 12 8 367
p6 13 10 182
p7 15 10 2050
p8 19 11 121
p9 23 15 974
p10 27 12 986
p11 30 6 250
p12 33 13 552
p13 37 12 2082
p14 37 5 43
p15 41 11 2949
p16 44 6 76
p17 44 14 162
p18 47 6 54
p19 48 12 1538
p20 48 7 1432
p21 50 10 926
p22 53 6 5070
p23 53 9 448
p24 54 11 2241
p25 54 10 373
p26 57 7 1059
p27 58 13 72
p28 58 3 763
p29 60 5 638
p30 62 3 220
p31 66 2 608
p32 69 10 1703
p33 71 13 287
p34 72 14 1237
p35 72 15 398
p36 75 1 310
p37 79 10 10302
p38 81 15 954
p39 84 2 1057
p40 88 1 1276
p41 88 13 1013
p42 91 14 629
p43 94 7 425
p44 98 13 239
p45 102 1 418
p46 104 11 309
p47 106 3 382
p48 110 10 121
p49 110 7 235
p50 110 11 781
p51 110 1 2529
p52 110 11 723
p53 110 1 524
p54 110 6 165
p55 113 8 122
p56 116 15 275
p57 117 4 427
p58 118 5 264
p59 118 13 132
p60 119 12 488
p61 121 15 203
p62 122 10 339
p63 123 2 1256
p64 125 5 302
p65 128 7 235
p66 132 13 156
p67 135 8 300
p68 138 7 542
p69 138 13 820
p70 141 10 614
p71 144 6 1834
p72 147 1 211
p73 147 1 318
p74 150 3 792
p75 152 12 468
p76 152 12 462
p77 155 2 1598
p78 158 9 706
p79 161 14 378
p80 162 7 257
p81 163 6 2625
p82 164 7 1406
p83 167 13 1041
p84 169 1 701
p85 172 14 557
p86 173 8 1937
p87 175 12 663
p88 175 12 983
p89 179 14 1886
p90 183 11 1559
p91 184 2 187
p92 188 9 273
p93 190 12 918
p94 194 3 400
p95 195 3 601
p96 197 13 1052
p97 197 15 1198
p98 200 13 310
p99 201 1 1416
p100 204 2 1783
p101 207 5 1194
p102 209 14 918
p103 213 11 1680
p104 213 10 1622
p105 213 13 969
p106 213 9 12907
p107 216 14 2856
p108 216 4 7669
p109 220 5 2305
p110 222 12 245
p111 224 15 266
p112 226 15 654
p113 227 13 1349
p114 227 1 1433
p115 229 2 720
p116 231 9 729
p117 232 11 244
p118 233 4 655
p119 235 7 354
p120 237 5 1327
p121 237 10 964
p122 238 4 3222
p123 242 14 749
p124 242 9 564
p125 243 10 639
p126 247 8 668
p127 248 13 431
p128 248 10 398
p129 252 12 4797
p130 252 7 297
p131 255 9 772
p132 255 9 2794
p133 258 1 1115
p134 259 1 490
p135 260 4 353
p136 261 4 394
p137 264 6 3178
p138 268 15 1482
p139 269 7 1919
p140 269 1 9721
p141 273 8 1128
p142 276 10 287
p143 279 6 1854
p144 283 9 1805
p145 286 1 1388
p146 288 5 491
p147 288 8 516
p148 292 15 772
p149 293 12 3478
p150 297 7 305
p151 298 4 2128
p152 302 14 1200
p153 304 15 716
p154 305 13 562
p155 305 4 1046
p156 307 14 456
p157 311 2 1324
p158 312 2 5124
p159 315 8 324
p160 316 8 2087
p161 319 5 325
p162 323 12 556
p163 324 11 2598
p164 326 2 1042
p165 327 15 779
p166 327 1 486
p167 327 11 1934
p168 328 5 1142
p169 330 9 376
p170 334 5 440
p171 334 14 1061
p172 335 6 1758
p173 336 2 2547
p174 337 2 735
p175 337 8 11149
p176 337 4 1306
p177 338 5 1121
p178 342 10 989
p179 344 6 544
p180 345 14 778
p181 347 14 1232
p182 351 13 406
p183 354 15 455
p184 357 8 1493
p185 359 6 1765
p186 361 4 493
p187 363 2 455
p188 366 2 455
p189 367 6 764
p190 369 14 546
p191 371 12 984
p192 373 10 544
p193 374 12 620
p194 378 8 1362
p195 382 12 395
p196 382 2 1800
p197 383 11 439
p198 387 11 1842
p199 387 7 885
p200 388 5 1434
p201 391 15 493
p202 391 1 1848
p203 393 10 733
p204 395 12 623
p205 396 9 995
p206 399 4 442
p207 400 8 691
p208 401 12 568
p209 404 1 3106
p210 408 5 1796
p211 411 13 425
p212 415 9 425
p213 415 12 1034
p214 415 1 672
p215 415 6 688
p216 417 2 649
p217 420 13 801
p218 421 1 687
p219 422 4 1820
p220 426 8 435
p221 427 10 572
p222 430 2 7321
p223 431 7 2786
p224 434 12 1138
p225 437 10 448
p226 440 4 505
p227 444 14 609
p228 448 11 1580
p229 448 2 2180
p230 449 9 2065
p231 453 14 2367
p232 456 12 1245
p233 457 7 491
p234 461 7 909
p235 461 3 513
p236 462 13 528
p237 462 9 950
p238 463 4 468
p239 467 5 2026
p240 471 4 1621
p241 474 14 1090
p242 474 15 1636
p243 478 10 1827
p244 479 8 2699
p245 482 14 1028
p246 484 6 859
p247 487 13 890
p248 487 9 2424
p249 487 4 1146
p250 488 6 495
p251 489 14 792
p252 492 5 714
p253 495 12 1124
p254 495 5 1399
p255 496 2 610
p256 500 6 1871
p257 502 8 807
p258 503 1 1194
p259 503 6 1770
p260 503 6 2239
p261 504 11 2882
p262 508 6 752
p263 510 4 1562
p264 512 14 537
p265 515 6 1413
p266 515 1 743
p267 517 2 2454
p268 520 12 3503
p269 522 14 1024
p270 522 5 649
p271 526 7 1704
p272 526 9 3662
p273 528 13 1769
p274 532 13 1087
p275 532 14 950
p276 536 10 1009
p277 539 11 918
p278 543 10 4084
p279 544 15 647
p280 547 5 965
p281 551 14 2402
p282 553 10 1274
p283 557 13 699
p284 561 6 1533
p285 564 4 569
p286 564 3 568
p287 565 12 1110
p288 568 10 1345
p289 570 8 9439
p290 571 4 933
p291 573 6 884
p292 574 14 1225
p293 577 8 3246
p294 577 4 2997
p295 581 7 727
p296 583 5 2864
p297 587 13 1953
p298 591 2 742
p299 594 15 1396
p300 597 5 1587
p301 601 10 801
p302 602 5 2044
p303 603 14 822
p304 604 8 1415
p305 606 9 2651
p306 607 12 1673
p307 609 13 735
p308 610 8 698
p309 613 13 7368
p310 617 4 1085
p311 618 12 631
p312 620 14 955
p313 620 12 3495
p314 623 6 717
p315 626 3 696
p316 628 1 1380
p317 630 9 640
p318 631 7 649
p319 632 15 5411
p320 635 13 1731
p321 639 10 7228
p322 639 2 1025
p323 642 15 809
p324 644 13 1312
p325 648 6 1456
p326 651 1 657
p327 654 15 3318
p328 654 8 663
p329 654 6 661
p330 657 2 660
p331 660 8 1497
p332 660 2 2053
p333 662 11 1010
p334 664 2 706
p335 666 10 932
p336 667 15 924
p337 670 8 899
p338 670 9 1935
p339 671 12 3582
p340 671 15 2724
p341 671 3 899
p342 671 15 695
p343 675 12 688
p344 675 4 1268
p345 679 2 1771
p346 682 4 707
p347 683 4 1289
p348 683 4 688
p349 683 9 800
p350 684 4 689
p351 687 5 2979
p352 687 15 714
p353 687 15 1539
p354 688 1 1555
p355 691 15 2879
p356 691 6 702
p357 692 15 1273
p358 694 15 1160
p359 698 13 823
p360 699 8 2666
p361 700 4 1645
p362 700 3 797
p363 702 15 2482
p364 706 13 2230
p365 709 1 1147
p366 713 14 728
p367 716 14 1049
p368 717 4 5617
p369 718 8 2092
p370 721 6 2001
p371 724 6 1859
p372 724 4 1046
p373 728 9 936
p374 730 15 1058
p375 732 13 1992
p376 734 7 2528
p377 734 12 1140
p378 734 2 914
p379 734 10 1171
p380 738 8 1619
p381 739 9 1035
p382 740 1 1559
p383 741 13 1445
p384 744 8 1895
p385 745 10 1192
p386 746 6 1331
p387 749 9 913
p388 752 4 3433
p389 756 3 760
p390 756 6 1383
p391 760 10 771
p392 761 5 4719
p393 764 3 768
p394 765 2 812
p395 767 14 787
p396 768 10 2753
p397 769 15 2743
p398 770 5 1117
p399 770 14 1760
p400 770 1 2748
p401 772 5 1903
p402 776 2 1095
p403 779 4 2700
p404 782 6 944
p405 785 2 2785
p406 786 4 1924
p407 787 6 2434
p408 788 3 997
p409 788 2 1475
p410 792 2 2043
p411 793 12 834
p412 796 9 1114
p413 799 3 817
p414 802 7 810
p415 806 9 1083
p416 809 9 819
p417 809 6 2619
p418 812 8 12721
p419 814 6 4414
p420 815 10 2003
p421 817 13 1083
p422 820 14 1083
p423 824 14 1001
p424 827 1 2631
p425 830 3 939
p426 833 14 971
p427 833 14 1183
p428 837 11 1089
p429 841 12 1283
p430 841 11 909
p431 845 6 1005
p432 849 13 2097
p433 851 7 961
p434 851 9 3565
p435 854 3 1794
p436 856 10 2185
p437 856 8 2627
p438 857 7 909
p439 858 14 1889
p440 858 4 2269
p441 860 4 905
p442 864 14 1006
p443 866 3 3821
p444 870 2 4725
p445 871 1 1383
p446 873 2 2070
p447 876 1 2359
p448 878 11 1683
p449 878 3 1785
p450 881 1 2495
p451 884 6 891
p452 885 4 1346
p453 888 2 2017
p454 892 3 932
p455 894 10 1307
p456 895 4 3468
p457 898 1 1197
p458 901 3 1979
p459 901 7 956
p460 901 11 976
p461 901 8 2024
p462 904 8 1014
p463 908 10 1058
p464 908 11 958
p465 911 7 1173
p466 913 2 916
p467 917 13 1035
p468 917 5 923
p469 918 13 1484
p470 918 9 2185
p471 919 7 1760
p472 921 12 3064
p473 923 6 930
p474 924 10 935
p475 927 11 1294
p476 931 10 1592
p477 935 10 2200
p478 939 13 3107
p479 941 5 2145
p480 944 6 1142
p481 944 15 2293
p482 948 6 1649
p483 949 14 1658
p484 949 2 2324
p485 949 1 2613
p486 949 11 1183
p487 952 11 1988
p488 953 9 1463
p489 954 12 2319
p490 957 11 7386
p491 959 9 8366
p492 959 4 2096
p493 959 13 4297
p494 959 7 2095
p495 960 13 1098
p496 964 13 978
p497 968 5 1241
p498 972 8 1868
p499 976 14 991
p500 977 12 1302
p501 980 9 1156
p502 980 11 1152
p503 982 15 1188
p504 983 14 1069
p505 983 9 1478
p506 984 8 993
p507 987 3 4145
p508 987 8 1484
p509 991 14 3220
p510 991 3 1662
p511 992 14 3099
p512 992 6 1053
p513 996 6 1129
p514 1000 5 1728
p515 1001 1 2382
p516 1004 13 1018
p517 1007 3 1083
p518 1011 15 1335
p519 1014 14 1619
p520 1016 11 5244
p521 1018 2 5081
p522 1020 4 2570
p523 1020 9 2337
p524 1020 3 1391
p525 1023 15 1798
p526 1026 12 1039
p527 1030 3 3509
p528 1032 10 3346
p529 1036 2 1084
p530 1037 10 1761
p531 1040 3 1435
p532 1041 1 3552
p533 1041 6 3443
p534 1042 7 1407
p535 1046 1 5380
p536 1048 3 1697
p537 1049 12 1119
p538 1052 12 1650
p539 1056 10 1123
p540 1060 13 1485
p541 1063 7 2159
p542 1063 13 1439
p543 1063 10 1667
p544 1067 2 2298
p545 1070 7 1470
p546 1072 11 1961
p547 1075 3 1894
p548 1076 10 1087
p549 1078 3 1298
p550 1079 10 1950
p551 1083 3 1087
p552 1086 12 1564
p553 1089 2 1839
p554 1091 1 4105
p555 1091 13 1173
p556 1092 1 2647
p557 1094 9 1545
p558 1094 1 1294
p559 1095 6 5876
p560 1096 15 1148
p561 1096 6 2551
p562 1097 8 1466
p563 1100 15 3203
p564 1101 8 2075
p565 1105 6 1544
p566 1107 5 1510
p567 1110 11 1122
p568 1111 13 1146
p569 1111 1 4319
p570 1111 11 1241
p571 1113 14 1146
p572 1113 14 2011
p573 1114 11 3419
p574 1118 6 2119
p575 1119 15 1546
p576 1119 2 2876
p577 1120 6 1591
p578 1120 12 1341
p579 1121 6 2752
p580 1125 9 2763
p581 1126 8 6409
p582 1128 12 10462
p583 1131 5 1501
p584 1133 4 1138
p585 1137 9 1820
p586 1141 14 1432
p587 1143 3 3417
p588 1143 10 5679
p589 1147 6 3251
p590 1148 14 6719
p591 1150 4 4351
p592 1152 1 2054
p593 1155 11 1588
p594 1156 12 2577
p595 1159 14 1506
p596 1160 11 1576
p597 1161 14 1848
p598 1165 15 1403
p599 1167 13 2366
p600 1167 9 1628
p601 1169 4 1783
p602 1170 6 1922
p603 1171 14 1627
p604 1171 6 1375
p605 1171 9 3557
p606 1171 5 3487
p607 1175 5 1194
p608 1177 5 1376
p609 1178 14 1880
p610 1182 10 1376
p611 1185 13 2153
p612 1189 3 1986
p613 1192 9 1753
p614 1194 5 1680
p615 1196 7 10763
p616 1198 13 8988
p617 1200 1 1276
p618 1200 2 1307
p619 1202 3 1247
p620 1204 2 1227
p621 1205 8 1226
p622 1206 7 5099
p623 1210 11 3730
p624 1210 3 2351
p625 1213 14 1866
p626 1213 2 1567
p627 1214 7 2764
p628 1215 10 1623
p629 1219 5 1841
p630 1223 3 1299
p631 1226 5 2474
p632 1227 8 11653
p633 1229 3 1417
p634 1233 11 1610
p635 1235 13 1873
p636 1235 2 2794
p637 1237 7 1615
p638 1237 11 5884
p639 1239 8 1427
p640 1242 4 2961
p641 1246 8 1255
p642 1250 14 1265
p643 1252 8 1379
p644 1255 12 2583
p645 1257 9 1638
p646 1261 7 7569
p647 1263 10 5742
p648 1264 7 9553
p649 1266 11 2248
p650 1267 12 2532
p651 1267 3 1719
p652 1270 11 1835
p653 1274 11 3874
p654 1278 12 2653
p655 1280 12 1951
p656 1283 14 2894
p657 1286 15 2171
p658 1287 7 1423
p659 1289 15 1553
p660 1289 1 1443
p661 1293 6 1563
p662 1297 12 2568
p663 1301 6 3265
p664 1305 5 3484
p665 1308 5 1488
p666 1311 4 1358
p667 1314 3 2414
p668 1314 9 1425
p669 1316 4 1594
p670 1317 9 2051
p671 1319 11 9701
p672 1319 4 3931
p673 1323 7 5482
p674 1327 10 1338
p675 1328 10 5000
p676 1328 2 2730
p677 1332 12 1345
p678 1335 13 2815
p679 1338 11 2263
p680 1342 13 3347
p681 1343 3 4441
p682 1345 12 1382
p683 1346 9 2103
p684 1347 15 2785
p685 1351 4 1389
p686 1352 13 4099
p687 1355 1 4565
p688 1357 1 2404
p689 1361 5 1684
p690 1361 15 1505
p691 1364 9 1684
p692 1365 14 2200
p693 1368 5 2424
p694 1368 8 2949
p695 1371 5 2489
p696 1371 3 2331
p697 1372 7 1717
p698 1376 13 2205
p699 1380 10 1685
p700 1381 12 2131
p701 1385 12 11221
p702 1386 14 1892
p703 1389 1 1391
p704 1391 14 1406
p705 1391 3 1516
p706 1394 14 6141
p707 1394 14 2016
p708 1398 7 1694
p709 1402 7 3016
p710 1405 5 1467
p711 1409 12 3942
p712 1413 14 3298
p713 1417 14 1473
p714 1418 3 4808
p715 1422 15 3772
p716 1426 7 1436
p717 1426 4 2744
p718 1427 14 2359
p719 1427 14 2381
p720 1427 6 5394
p721 1430 5 6347
p722 1433 2 1787
p723 1433 8 2436
p724 1433 12 2232
p725 1434 11 1909
p726 1435 8 1525
p727 1435 6 2956
p728 1437 13 1462
p729 1438 12 1744
p730 1440 8 1648
p731 1444 6 1718
p732 1447 2 2401
p733 1449 5 2050
p734 1449 5 1529
p735 1451 8 2516
p736 1455 11 2555
p737 1459 12 3801
p738 1462 2 1670
p739 1463 3 1597
p740 1466 2 2541
p741 1470 15 1830
p742 1473 11 9423
p743 1476 5 1993
p744 1477 10 1632
p745 1480 11 3012
p746 1480 14 2949
p747 1481 3 1704
p748 1485 9 1612
p749 1487 5 1534
p750 1488 7 2056
p751 1492 4 2258
p752 1492 6 1702
p753 1496 4 1599
p754 1499 11 3857
p755 1501 1 2264
p756 1501 9 8855
p757 1504 2 1978
p758 1508 11 8046
p759 1511 6 1658
p760 1511 3 2749
p761 1511 13 1806
p762 1515 10 1998
p763 1519 8 3171
p764 1521 15 1651
p765 1521 3 1653
p766 1522 13 1728
p767 1524 14 2054
p768 1528 6 1747
p769 1530 1 1913
p770 1532 11 1699
p771 1535 8 2668
p772 1535 7 2076
p773 1539 10 1663
p774 1539 14 1587
p775 1542 7 4349
p776 1542 1 2594
p777 1546 1 2076
p778 1550 4 2548
p779 1552 14 1606
p780 1553 9 1728
p781 1555 1 2152
p782 1557 15 1760
p783 1558 5 1884
p784 1559 10 1847
p785 1560 14 1851
p786 1562 12 7155
p787 1566 15 3195
p788 1569 2 3876
p789 1571 3 3960
p790 1573 12 1727
p791 1574 3 2353
p792 1578 8 1804
p793 1578 13 1901
p794 1579 2 3409
p795 1581 11 3586
p796 1582 3 2336
p797 1585 9 1623
p798 1588 10 1910
p799 1591 13 1672
p800 1595 11 1607
p801 1597 9 5900
p802 1597 11 5347
p803 1598 13 1779
p804 1598 4 3330
p805 1600 4 1605
p806 1604 4 2291
p807 1607 15 4117
p808 1611 10 2807
p809 1615 11 2413
p810 1616 13 2394
p811 1619 13 1679
p812 1623 5 2599
p813 1626 5 1777
p814 1627 10 1638
p815 1628 13 4892
p816 1630 4 3336
p817 1632 3 1922
p818 1633 1 3079
p819 1633 3 1637
p820 1637 7 2574
p821 1638 4 7961
p822 1639 1 8505
p823 1639 2 2734
p824 1641 3 2471
p825 1641 4 2154
p826 1644 3 2040
p827 1648 14 3523
p828 1651 7 5559
p829 1652 1 7783
p830 1653 9 2134
p831 1656 3 2842
p832 1656 4 3509
p833 1657 5 3173
p834 1658 4 1979
p835 1658 13 1834
p836 1662 9 2591
p837 1666 1 1870
p838 1669 7 2783
p839 1670 9 2158
p840 1673 6 2180
p841 1673 6 2694
p842 1676 15 2897
p843 1679 12 1932
p844 1682 10 3185
p845 1682 7 2152
p846 1686 14 2263
p847 1689 5 1732
p848 1692 12 4725
p849 1692 12 2022
p850 1696 2 2116
p851 1697 2 2258
p852 1701 14 2400
p853 1701 12 1931
p854 1703 4 1765
p855 1707 9 2491
p856 1711 9 1721
p857 1714 2 2153
p858 1716 12 2035
p859 1717 10 2086
p860 1721 12 3234
p861 1725 13 2191
p862 1727 15 5649
p863 1729 13 2001
p864 1732 7 3800
p865 1736 15 4440
p866 1740 14 2000
p867 1743 10 2974
p868 1746 2 6831
p869 1747 7 3037
p870 1750 13 2459
p871 1752 2 1840
p872 1753 4 2635
p873 1753 11 2002
p874 1753 12 2758
p875 1757 4 8340
p876 1757 10 2731
p877 1760 8 1988
p878 1764 13 3462
p879 1764 14 2685
p880 1765 13 5073
p881 1767 4 4503
p882 1768 8 2349
p883 1769 4 2519
p884 1769 10 1992
p885 1773 9 3876
p886 1775 7 3146
p887 1776 1 3170
p888 1777 8 2283
p889 1777 5 3946
p890 1780 7 1788
p891 1784 7 2910
p892 1788 3 2338
p893 1789 10 4341
p894 1793 7 2348
p895 1796 3 5640
p896 1799 6 2791
p897 1801 11 2872
p898 1804 11 2099
p899 1808 3 1812
p900 1809 8 3406
p901 1812 15 1920
p902 1814 10 4525
p903 1814 8 2020
p904 1816 8 2475
p905 1817 15 2457
p906 1817 15 2325
p907 1821 1 3999
p908 1825 6 2444
p909 1825 12 1838
p910 1827 9 2144
p911 1831 12 4992
p912 1834 11 2846
p913 1837 14 4747
p914 1841 12 2491
p915 1845 6 3073
p916 1848 2 1851
p917 1848 2 3023
p918 1849 11 3018
p919 1853 6 3538
p920 1857 14 9918
p921 1858 11 2040
p922 1860 10 2649
p923 1863 15 7447
p924 1865 5 3356
p925 1867 10 2344
p926 1870 11 1928
p927 1872 8 2852
p928 1876 6 6045
p929 1878 14 4662
p930 1878 3 5112
p931 1880 14 3412
p932 1884 4 2657
p933 1886 4 3061
p934 1888 7 2249
p935 1888 6 1895
p936 1889 9 4410
p937 1892 8 2793
p938 1895 15 4530
p939 1897 9 2554
p940 1899 1 3752
p941 1899 1 2904
p942 1899 11 3625
p943 1902 14 2106
p944 1902 7 2220
p945 1902 14 2394
p946 1906 10 2019
p947 1906 10 1917
p948 1907 2 5710
p949 1907 2 2211
p950 1910 11 1922
p951 1913 12 1962
p952 1916 2 3990
p953 1917 11 1929
p954 1920 13 1934
p955 1923 10 1934
p956 1927 15 4862
p957 1927 6 3941
p958 1931 4 2351
p959 1934 7 2488
p960 1935 9 6467
p961 1936 2 2062
p962 1938 9 8220
p963 1940 2 6185
p964 1942 4 8359
p965 1944 13 3098
p966 1945 5 2223
p967 1949 5 5329
p968 1953 1 6940
p969 1953 7 2961
p970 1956 3 13420
p971 1958 14 3583
p972 1960 6 2344
p973 1962 8 3434
p974 1963 8 2302
p975 1965 10 6519
p976 1968 9 1978
p977 1972 12 2059
p978 1973 12 1986
p979 1973 2 4445
p980 1975 3 3938
p981 1977 9 3927
p982 1978 9 2112
p983 1981 12 9482
p984 1984 1 3458
p985 1984 11 2399
p986 1984 14 3901
p987 1988 4 2374
p988 1988 12 3031
p989 1990 15 2524
p990 1993 7 2511
p991 1995 3 2327
p992 1999 14 11394
p993 2003 2 4075
p994 2006 12 2787
p995 2010 2 2326
p996 2014 9 3189
p997 2017 9 2441
p998 2018 7 2660
p999 2021 6 6210
