p0 3 1 24
p1 7 6 37
p2 7 9 19
p3 11 11 23
p4 11 9 47
p5 12 9 58
p6 16 4 218
p7 20 9 292
p8 21 6 38
p9 22 10 59
p10 22 6 36
p11 24 14 84
p12 27 8 133
p13 29 13 60
p14 29 2 63
p15 30 5 62
p16 30 8 60
p17 34 14 72
p18 37 3 86
p19 39 12 96
p20 40 5 94
p21 43 2 46
p22 43 14 79
p23 43 2 53
p24 46 12 59
p25 49 15 82
p26 49 11 85
p27 49 15 65
p28 53 1 101
p29 56 3 98
p30 56 1 99
p31 56 2 86
p32 57 10 71
p33 59 9 74
p34 61 5 97
p35 63 7 109
p36 66 13 101
p37 68 4 85
p38 69 11 89
p39 72 6 79
p40 73 6 138
p41 73 9 206
p42 73 4 103
p43 76 6 111
p44 78 4 143
p45 79 5 86
p46 81 1 105
p47 82 13 205
p48 85 14 194
p49 86 11 102
p50 89 8 320
p51 92 1 101
p52 96 14 118
p53 97 7 133
p54 101 3 213
p55 103 15 140
p56 106 4 121
p57 110 1 117
p58 110 9 122
p59 112 13 154
p60 116 8 219
p61 118 4 186
p62 122 14 167
p63 125 11 169
p64 128 7 197
p65 132 15 148
p66 134 2 196
p67 138 1 147
p68 141 4 153
p69 142 12 240
p70 145 10 247
p71 145 3 168
p72 147 5 346
p73 149 3 205
p74 149 6 186
p75 150 5 402
p76 154 4 224
p77 154 7 174
p78 156 10 186
p79 160 3 176
p80 162 13 200
p81 162 10 173
p82 162 9 182
p83 163 10 218
p84 167 11 196
p85 170 15 186
p86 172 12 196
p87 172 2 175
p88 174 15 288
p89 174 14 212
p90 176 3 202
p91 180 1 195
p92 184 8 247
p93 188 6 268
p94 188 14 228
p95 188 7 208
p96 192 3 212
p97 194 11 230
p98 195 14 210
p99 196 2 199
p100 196 5 208
p101 199 15 283
p102 200 7 219
p103 201 5 209
p104 205 6 265
p105 209 8 218
p106 209 8 233
p107 213 13 347
p108 215 12 306
p109 218 15 261
p110 219 3 237
p111 220 4 234
p112 221 8 235
p113 225 5 235
p114 228 14 243
p115 229 1 250
p116 230 13 245
p117 232 7 273
p118 234 9 263
p119 234 12 349
p120 236 1 238
p121 238 9 258
p122 242 15 268
p123 244 8 281
p124 245 7 273
p125 247 3 419
p126 250 12 279
p127 253 9 315
p128 256 5 294
p129 258 5 353
p130 258 8 289
p131 260 15 289
p132 261 11 282
p133 262 3 311
p134 263 8 406
p135 267 12 280
p136 268 4 297
p137 270 5 475
p138 273 4 282
p139 274 4 345
p140 278 1 362
p141 282 2 290
p142 282 11 321
p143 282 2 291
p144 283 13 327
p145 284 1 312
p146 285 1 287
p147 289 15 314
p148 290 14 309
p149 294 3 300
p150 295 8 326
p151 295 3 319
p152 298 3 339
p153 302 11 325
p154 305 1 319
p155 307 8 327
p156 310 14 348
p157 314 10 340
p158 316 15 373
p159 319 1 337
p160 323 13 355
p161 325 6 379
p162 327 13 383
p163 331 3 372
p164 333 1 341
p165 334 11 352
p166 338 12 358
p167 340 3 352
p168 340 4 389
p169 343 1 345
p170 347 1 356
p171 350 7 381
p172 354 6 393
p173 358 1 360
p174 361 7 411
p175 365 15 393
p176 369 9 408
p177 372 5 380
p178 374 11 402
p179 375 1 379
p180 376 3 380
p181 380 10 391
p182 383 10 581
p183 385 9 405
p184 385 6 396
p185 388 14 453
p186 391 6 491
p187 395 6 468
p188 399 5 440
p189 402 8 430
p190 404 3 430
p191 407 3 700
p192 407 4 417
p193 407 13 458
p194 407 7 473
p195 411 9 436
p196 412 14 461
p197 414 5 447
p198 414 1 426
p199 418 14 433
