p0 3 13 218
p1 6 4 565
p2 7 3 731
p3 9 12 688
p4 10 11 2092
p5 14 13 3853
p6 17 12 110
p7 17 2 552
p8 18 11 53
p9 20 9 630
p10 21 2 651
p11 24 5 134
p12 27 3 1679
p13 27 11 304
p14 27 13 41
p15 29 14 1080
p16 33 5 140
p17 33 11 525
p18 33 10 1016
p19 35 1 3957
p20 36 6 1041
p21 40 9 72
p22 42 14 94
p23 42 5 124
p24 42 12 713
p25 45 7 1758
p26 48 6 121
p27 52 7 550
p28 52 1 402
p29 54 6 65
p30 58 3 62
p31 58 11 671
p32 60 9 153
p33 60 1 267
p34 62 13 278
p35 65 7 243
p36 65 6 1011
p37 65 13 362
p38 68 6 130
p39 69 9 242
p40 72 9 648
p41 74 8 83
p42 75 13 3113
p43 75 8 2208
p44 78 8 387
p45 79 8 380
p46 83 8 408
p47 84 3 877
p48 88 6 174
p49 92 7 512
p50 94 10 757
p51 98 4 104
p52 101 7 752
p53 102 10 678
p54 103 9 827
p55 106 5 372
p56 106 10 1937
p57 110 12 348
p58 113 15 696
p59 115 6 294
p60 116 12 1541
p61 118 13 1587
p62 119 11 1969
p63 119 8 1228
p64 119 6 155
p65 119 4 877
p66 119 10 130
p67 122 15 710
p68 124 6 4551
p69 126 10 787
p70 128 12 1571
p71 129 11 639
p72 133 5 1117
p73 137 8 599
p74 139 10 3282
p75 139 7 238
p76 143 10 253
p77 144 10 285
p78 147 10 294
p79 150 9 160
p80 152 8 400
p81 155 5 439
p82 158 9 324
p83 158 3 162
p84 161 14 361
p85 163 6 3355
p86 163 5 302
p87 164 10 175
p88 164 10 1011
p89 167 8 1133
p90 167 4 4696
p91 170 2 444
p92 170 14 635
p93 171 8 1748
p94 173 15 234
p95 177 3 253
p96 177 1 459
p97 177 5 668
p98 181 3 193
p99 182 4 277
p100 182 12 405
p101 186 12 1057
p102 187 13 3537
p103 191 9 250
p104 191 1 341
p105 194 14 371
p106 196 1 812
p107 196 4 624
p108 198 11 1954
p109 201 12 531
p110 203 12 216
p111 203 11 946
p112 206 3 527
p113 206 11 322
p114 207 2 698
p115 211 13 533
p116 213 10 224
p117 217 4 373
p118 218 15 1084
p119 219 10 615
p120 221 4 669
p121 225 9 867
p122 227 7 965
p123 227 9 272
p124 231 9 427
p125 233 5 811
p126 237 15 453
p127 237 1 239
p128 238 5 1883
p129 242 10 523
p130 246 7 990
p131 247 8 590
p132 251 7 593
p133 251 9 4013
p134 253 2 585
p135 255 11 411
p136 256 13 2114
p137 260 8 269
p138 264 12 429
p139 265 3 827
p140 265 1 501
p141 267 14 328
p142 270 1 792
p143 272 3 365
p144 272 10 315
p145 273 14 288
p146 274 4 279
p147 277 2 686
p148 277 13 291
p149 278 12 989
p150 281 2 2552
p151 283 4 372
p152 284 4 1777
p153 287 3 1735
p154 290 4 1659
p155 293 2 301
p156 294 1 774
p157 295 10 2138
p158 299 11 2525
p159 303 12 1061
p160 305 11 1567
p161 307 7 785
p162 307 14 391
p163 309 3 1138
p164 311 7 644
p165 311 1 1347
p166 315 8 489
p167 319 8 868
p168 322 8 1128
p169 325 10 1263
p170 329 15 345
p171 330 9 615
p172 334 11 496
p173 337 10 540
p174 338 5 425
p175 339 15 950
p176 343 9 1217
p177 347 15 509
p178 348 1 752
p179 351 5 587
p180 351 12 1080
p181 351 15 418
p182 353 7 460
p183 355 4 1223
p184 358 8 394
p185 358 9 529
p186 360 13 900
p187 364 13 1842
p188 364 15 430
p189 367 7 439
p190 367 6 807
p191 369 4 642
p192 371 9 1093
p193 371 1 1382
p194 374 3 793
p195 378 8 867
p196 380 3 389
p197 381 2 759
p198 381 11 500
p199 385 10 413
p200 385 3 588
p201 387 11 413
p202 389 1 1173
p203 393 13 2147
p204 397 7 1228
p205 397 12 671
p206 397 7 1650
p207 400 12 643
p208 404 5 525
p209 408 15 455
p210 411 11 503
p211 415 3 419
p212 418 14 599
p213 418 7 460
p214 421 10 760
p215 425 6 855
p216 429 2 551
p217 433 10 1111
p218 437 10 1516
p219 441 11 607
p220 442 9 1047
p221 443 5 489
p222 443 3 1378
p223 447 3 1429
p224 450 7 520
p225 450 3 1148
p226 454 12 2960
p227 457 8 739
p228 460 8 1245
p229 461 7 671
p230 465 11 577
p231 465 15 522
p232 466 9 476
p233 467 7 1300
p234 467 9 1842
p235 468 14 552
p236 471 4 569
p237 472 1 2916
p238 472 3 1360
p239 472 4 1054
p240 476 9 2728
p241 480 4 642
p242 482 10 1500
p243 485 5 518
p244 486 13 605
p245 489 2 761
p246 493 4 2042
p247 493 9 695
p248 494 14 1116
p249 496 1 570
p250 499 14 540
p251 500 3 1188
p252 500 14 1518
p253 502 12 3012
p254 504 8 1090
p255 506 9 695
p256 509 15 1398
p257 513 4 548
p258 515 11 588
p259 518 5 1108
p260 522 4 995
p261 522 7 919
p262 522 8 1269
p263 524 10 636
p264 524 7 590
p265 528 14 1115
p266 531 1 822
p267 535 2 4740
p268 535 9 3497
p269 538 8 875
p270 538 3 1416
p271 541 14 647
p272 544 12 799
p273 547 13 2055
p274 551 11 920
p275 552 12 657
p276 553 9 819
p277 553 15 688
p278 554 7 2002
p279 556 12 615
p280 556 4 622
p281 560 6 864
p282 563 13 891
p283 565 7 1521
p284 566 2 668
p285 570 6 1901
p286 572 5 712
p287 576 13 856
p288 578 13 3154
p289 581 5 797
p290 582 8 1214
p291 582 2 948
p292 582 10 610
p293 583 12 1017
p294 585 6 1518
p295 587 5 1993
p296 590 2 1183
p297 591 8 836
p298 594 3 1548
p299 597 4 830
p300 598 8 757
p301 600 15 851
p302 604 2 769
p303 605 9 2417
p304 609 14 638
p305 610 1 747
p306 612 4 1092
p307 612 15 1121
p308 612 9 1118
p309 612 13 706
p310 614 15 700
p311 616 1 916
p312 620 1 682
p313 620 3 714
p314 624 14 2419
p315 624 3 664
p316 627 14 1107
p317 630 1 2859
p318 632 12 664
p319 632 6 1240
p320 635 9 645
p321 637 3 779
p322 640 5 673
p323 642 3 842
p324 642 11 670
p325 646 10 1155
p326 649 5 1059
p327 651 4 890
p328 652 1 1099
p329 652 6 737
p330 653 6 1164
p331 656 9 694
p332 656 13 799
p333 657 1 1564
p334 661 1 741
p335 665 1 709
p336 665 14 1274
p337 665 11 1044
p338 666 8 1632
p339 666 6 673
p340 670 6 2603
p341 671 15 946
p342 674 12 797
p343 676 8 1501
p344 679 14 709
p345 683 4 1507
p346 683 7 691
p347 683 10 770
p348 684 2 705
p349 685 6 878
p350 688 7 721
p351 690 7 850
p352 694 7 789
p353 695 2 1022
p354 697 2 788
p355 697 15 859
p356 700 2 1813
p357 701 7 1684
p358 701 2 2606
p359 704 10 1351
p360 705 15 834
p361 709 5 844
p362 709 2 1095
p363 709 4 818
p364 709 13 1112
p365 710 2 956
p366 711 9 1539
p367 715 8 1305
p368 717 15 1571
p369 717 14 805
p370 720 1 1043
p371 721 10 856
p372 721 15 809
p373 721 4 810
p374 722 12 2935
p375 725 8 1406
p376 729 5 899
p377 730 3 734
p378 731 8 1766
p379 735 1 810
p380 735 1 1263
p381 738 4 808
p382 741 11 1657
p383 743 8 956
p384 747 1 823
p385 750 12 1401
p386 753 10 877
p387 755 8 1074
p388 757 10 1168
p389 758 10 3496
p390 762 3 900
p391 766 12 792
p392 766 2 769
p393 766 5 4804
p394 770 10 857
p395 771 14 3071
p396 774 3 991
p397 774 11 3431
p398 778 7 2470
p399 782 7 1914
p400 784 4 789
p401 787 10 1315
p402 787 7 2115
p403 790 8 1195
p404 791 2 2679
p405 792 1 1669
p406 795 10 1392
p407 796 12 1118
p408 797 15 1975
p409 800 4 1125
p410 800 5 2630
p411 800 3 3474
p412 803 2 1044
p413 805 14 865
p414 808 5 2178
p415 811 13 2235
p416 811 8 1406
p417 815 12 1098
p418 815 2 1101
p419 815 7 1471
p420 816 3 2302
p421 816 8 993
p422 816 11 1700
p423 819 2 1149
p424 820 12 1032
p425 821 4 1548
p426 821 9 831
p427 824 4 961
p428 824 2 1294
p429 828 9 895
p430 832 3 952
p431 832 2 975
p432 835 4 852
p433 836 15 998
p434 838 1 1353
p435 842 3 1593
p436 845 3 1034
p437 848 8 1460
p438 852 11 1560
p439 854 6 1172
p440 857 4 862
p441 858 14 998
p442 861 14 920
p443 862 4 1118
p444 866 8 1677
p445 870 2 1238
p446 872 12 3075
p447 876 2 1182
p448 880 8 1735
p449 884 11 974
p450 887 14 1337
p451 888 5 1374
p452 891 9 1203
p453 893 1 2201
p454 896 12 1657
p455 896 3 1124
p456 897 9 1169
p457 899 8 1583
p458 899 1 1342
p459 901 8 1414
p460 905 15 1908
p461 907 1 1679
p462 909 11 1785
p463 911 9 1567
p464 912 4 1355
p465 912 9 2090
p466 913 11 1699
p467 913 10 1567
p468 917 4 995
p469 917 6 962
p470 921 3 1186
p471 921 7 940
p472 922 5 4440
p473 922 4 931
p474 924 5 1258
p475 924 4 1412
p476 926 4 1183
p477 930 7 1129
p478 930 1 1032
p479 933 12 1122
p480 933 10 1411
p481 937 8 946
p482 937 5 1041
p483 939 14 1075
p484 943 4 1201
p485 943 10 2230
p486 947 1 1152
p487 951 7 1199
p488 954 2 1080
p489 957 6 1527
p490 957 7 3161
p491 960 6 1127
p492 961 3 1121
p493 962 15 1454
p494 966 4 1078
p495 968 6 3684
p496 970 4 1293
p497 974 9 1199
p498 975 14 995
p499 978 14 1419
