p0 0 12 33
p1 3 11 22
p2 3 14 20
p3 4 11 21
p4 8 12 75
p5 11 2 52
p6 12 9 25
p7 15 9 27
p8 18 7 38
p9 19 15 38
p10 20 7 45
p11 23 4 30
p12 24 9 61
p13 26 10 52
p14 27 3 157
p15 27 3 37
p16 27 10 40
p17 28 8 42
p18 29 8 48
p19 33 13 48
p20 33 9 51
p21 36 7 186
p22 39 2 57
p23 39 10 65
p24 43 8 57
p25 43 12 61
p26 45 3 49
p27 49 12 68
p28 51 3 57
p29 54 6 69
p30 58 13 94
p31 61 12 119
p32 64 7 137
p33 68 15 93
p34 69 9 79
p35 73 11 86
p36 75 11 89
p37 79 4 84
p38 80 13 97
p39 83 9 93
p40 83 1 96
p41 85 2 155
p42 86 2 207
p43 86 6 94
p44 87 12 105
p45 87 6 94
p46 91 14 107
p47 92 3 99
p48 92 2 95
p49 95 15 112
p50 97 7 105
p51 97 4 103
p52 97 4 154
p53 100 3 127
p54 103 15 122
p55 107 1 109
p56 111 10 130
p57 111 1 117
p58 113 15 131
p59 113 3 125
p60 117 3 134
p61 118 11 133
p62 121 13 193
p63 125 7 144
p64 125 14 148
p65 128 5 148
p66 132 5 140
p67 133 15 160
p68 135 8 176
p69 136 8 167
p70 137 8 238
p71 140 8 169
p72 141 1 149
p73 144 8 158
p74 147 9 174
p75 149 14 182
p76 153 5 165
p77 153 4 159
p78 155 9 171
p79 156 11 180
p80 157 12 225
p81 160 10 171
p82 162 14 179
p83 165 3 171
p84 167 6 182
p85 168 6 185
p86 170 14 209
p87 174 4 188
p88 178 6 198
p89 179 2 198
p90 183 2 188
p91 187 2 239
p92 191 4 212
p93 191 9 211
p94 193 12 208
p95 196 6 207
p96 200 2 279
p97 204 4 214
p98 207 10 353
p99 208 8 223
